# energy grid [eV]  eels components [arbitrary units]
#
    0.000000000    0.000000000    0.000000000    0.000000000
    0.005005005    0.000004233    0.000004233    0.000004233
    0.010010010    0.000008467    0.000008467    0.000008467
    0.015015015    0.000012700    0.000012700    0.000012700
    0.020020020    0.000016934    0.000016934    0.000016934
    0.025025025    0.000021167    0.000021167    0.000021168
    0.030030030    0.000025401    0.000025401    0.000025401
    0.035035035    0.000029635    0.000029635    0.000029635
    0.040040040    0.000033868    0.000033869    0.000033869
    0.045045045    0.000038102    0.000038103    0.000038103
    0.050050050    0.000042336    0.000042337    0.000042337
    0.055055055    0.000046571    0.000046571    0.000046572
    0.060060060    0.000050805    0.000050805    0.000050806
    0.065065065    0.000055040    0.000055040    0.000055041
    0.070070070    0.000059275    0.000059275    0.000059276
    0.075075075    0.000063510    0.000063510    0.000063511
    0.080080080    0.000067745    0.000067745    0.000067746
    0.085085085    0.000071981    0.000071981    0.000071982
    0.090090090    0.000076217    0.000076217    0.000076218
    0.095095095    0.000080453    0.000080453    0.000080454
    0.100100100    0.000084689    0.000084690    0.000084691
    0.105105105    0.000088926    0.000088926    0.000088927
    0.110110110    0.000093163    0.000093163    0.000093165
    0.115115115    0.000097401    0.000097401    0.000097402
    0.120120120    0.000101638    0.000101639    0.000101640
    0.125125125    0.000105877    0.000105877    0.000105878
    0.130130130    0.000110115    0.000110116    0.000110117
    0.135135135    0.000114354    0.000114355    0.000114356
    0.140140140    0.000118594    0.000118594    0.000118596
    0.145145145    0.000122834    0.000122834    0.000122836
    0.150150150    0.000127074    0.000127075    0.000127076
    0.155155155    0.000131315    0.000131316    0.000131317
    0.160160160    0.000135557    0.000135557    0.000135559
    0.165165165    0.000139799    0.000139799    0.000139801
    0.170170170    0.000144041    0.000144042    0.000144044
    0.175175175    0.000148284    0.000148285    0.000148287
    0.180180180    0.000152528    0.000152528    0.000152530
    0.185185185    0.000156772    0.000156773    0.000156775
    0.190190190    0.000161017    0.000161018    0.000161020
    0.195195195    0.000165262    0.000165263    0.000165265
    0.200200200    0.000169508    0.000169509    0.000169511
    0.205205205    0.000173755    0.000173756    0.000173758
    0.210210210    0.000178003    0.000178003    0.000178005
    0.215215215    0.000182251    0.000182251    0.000182254
    0.220220220    0.000186499    0.000186500    0.000186502
    0.225225225    0.000190749    0.000190750    0.000190752
    0.230230230    0.000194999    0.000195000    0.000195002
    0.235235235    0.000199250    0.000199251    0.000199253
    0.240240240    0.000203502    0.000203503    0.000203505
    0.245245245    0.000207754    0.000207755    0.000207758
    0.250250250    0.000212008    0.000212009    0.000212011
    0.255255255    0.000216262    0.000216263    0.000216266
    0.260260260    0.000220517    0.000220518    0.000220521
    0.265265265    0.000224773    0.000224774    0.000224777
    0.270270270    0.000229030    0.000229030    0.000229033
    0.275275275    0.000233287    0.000233288    0.000233291
    0.280280280    0.000237546    0.000237547    0.000237550
    0.285285285    0.000241805    0.000241806    0.000241809
    0.290290290    0.000246066    0.000246067    0.000246070
    0.295295295    0.000250327    0.000250328    0.000250331
    0.300300300    0.000254589    0.000254590    0.000254593
    0.305305305    0.000258853    0.000258854    0.000258857
    0.310310310    0.000263117    0.000263118    0.000263121
    0.315315315    0.000267382    0.000267383    0.000267387
    0.320320320    0.000271649    0.000271650    0.000271653
    0.325325325    0.000275916    0.000275917    0.000275921
    0.330330330    0.000280185    0.000280186    0.000280189
    0.335335335    0.000284454    0.000284455    0.000284459
    0.340340340    0.000288725    0.000288726    0.000288730
    0.345345345    0.000292997    0.000292998    0.000293002
    0.350350350    0.000297270    0.000297271    0.000297275
    0.355355355    0.000301544    0.000301545    0.000301549
    0.360360360    0.000305819    0.000305820    0.000305824
    0.365365365    0.000310096    0.000310097    0.000310101
    0.370370370    0.000314374    0.000314375    0.000314379
    0.375375375    0.000318652    0.000318654    0.000318658
    0.380380380    0.000322933    0.000322934    0.000322938
    0.385385385    0.000327214    0.000327216    0.000327220
    0.390390390    0.000331497    0.000331498    0.000331502
    0.395395395    0.000335781    0.000335782    0.000335787
    0.400400400    0.000340067    0.000340068    0.000340072
    0.405405405    0.000344353    0.000344355    0.000344359
    0.410410410    0.000348641    0.000348643    0.000348647
    0.415415415    0.000352931    0.000352932    0.000352937
    0.420420420    0.000357222    0.000357223    0.000357228
    0.425425425    0.000361514    0.000361515    0.000361520
    0.430430430    0.000365808    0.000365809    0.000365814
    0.435435435    0.000370103    0.000370104    0.000370109
    0.440440440    0.000374400    0.000374401    0.000374406
    0.445445445    0.000378698    0.000378699    0.000378704
    0.450450450    0.000382997    0.000382999    0.000383004
    0.455455455    0.000387298    0.000387300    0.000387305
    0.460460460    0.000391601    0.000391603    0.000391608
    0.465465465    0.000395905    0.000395907    0.000395912
    0.470470470    0.000400211    0.000400213    0.000400218
    0.475475475    0.000404519    0.000404520    0.000404525
    0.480480480    0.000408828    0.000408829    0.000408834
    0.485485485    0.000413138    0.000413140    0.000413145
    0.490490490    0.000417450    0.000417452    0.000417457
    0.495495495    0.000421764    0.000421766    0.000421771
    0.500500501    0.000426080    0.000426082    0.000426087
    0.505505506    0.000430397    0.000430399    0.000430405
    0.510510511    0.000434717    0.000434718    0.000434724
    0.515515516    0.000439037    0.000439039    0.000439045
    0.520520521    0.000443360    0.000443362    0.000443367
    0.525525526    0.000447684    0.000447686    0.000447692
    0.530530531    0.000452010    0.000452012    0.000452018
    0.535535536    0.000456338    0.000456340    0.000456346
    0.540540541    0.000460668    0.000460670    0.000460676
    0.545545546    0.000465000    0.000465002    0.000465008
    0.550550551    0.000469333    0.000469335    0.000469341
    0.555555556    0.000473669    0.000473671    0.000473677
    0.560560561    0.000478006    0.000478008    0.000478014
    0.565565566    0.000482346    0.000482347    0.000482354
    0.570570571    0.000486687    0.000486689    0.000486695
    0.575575576    0.000491030    0.000491032    0.000491038
    0.580580581    0.000495375    0.000495377    0.000495383
    0.585585586    0.000499723    0.000499725    0.000499731
    0.590590591    0.000504072    0.000504074    0.000504080
    0.595595596    0.000508423    0.000508425    0.000508432
    0.600600601    0.000512777    0.000512779    0.000512785
    0.605605606    0.000517132    0.000517134    0.000517141
    0.610610611    0.000521490    0.000521492    0.000521498
    0.615615616    0.000525850    0.000525852    0.000525858
    0.620620621    0.000530211    0.000530213    0.000530220
    0.625625626    0.000534575    0.000534578    0.000534584
    0.630630631    0.000538942    0.000538944    0.000538951
    0.635635636    0.000543310    0.000543312    0.000543319
    0.640640641    0.000547681    0.000547683    0.000547690
    0.645645646    0.000552054    0.000552056    0.000552063
    0.650650651    0.000556429    0.000556431    0.000556438
    0.655655656    0.000560807    0.000560809    0.000560816
    0.660660661    0.000565187    0.000565189    0.000565196
    0.665665666    0.000569569    0.000569571    0.000569578
    0.670670671    0.000573954    0.000573956    0.000573963
    0.675675676    0.000578341    0.000578343    0.000578350
    0.680680681    0.000582730    0.000582732    0.000582739
    0.685685686    0.000587122    0.000587124    0.000587131
    0.690690691    0.000591516    0.000591518    0.000591526
    0.695695696    0.000595913    0.000595915    0.000595922
    0.700700701    0.000600312    0.000600314    0.000600322
    0.705705706    0.000604714    0.000604716    0.000604724
    0.710710711    0.000609118    0.000609120    0.000609128
    0.715715716    0.000613525    0.000613527    0.000613535
    0.720720721    0.000617934    0.000617937    0.000617944
    0.725725726    0.000622346    0.000622349    0.000622356
    0.730730731    0.000626761    0.000626763    0.000626771
    0.735735736    0.000631178    0.000631180    0.000631188
    0.740740741    0.000635598    0.000635600    0.000635608
    0.745745746    0.000640021    0.000640023    0.000640031
    0.750750751    0.000644446    0.000644448    0.000644456
    0.755755756    0.000648874    0.000648877    0.000648885
    0.760760761    0.000653305    0.000653307    0.000653315
    0.765765766    0.000657738    0.000657741    0.000657749
    0.770770771    0.000662175    0.000662177    0.000662186
    0.775775776    0.000666614    0.000666617    0.000666625
    0.780780781    0.000671056    0.000671059    0.000671067
    0.785785786    0.000675501    0.000675504    0.000675512
    0.790790791    0.000679949    0.000679952    0.000679960
    0.795795796    0.000684400    0.000684402    0.000684411
    0.800800801    0.000688853    0.000688856    0.000688865
    0.805805806    0.000693310    0.000693313    0.000693321
    0.810810811    0.000697770    0.000697773    0.000697781
    0.815815816    0.000702233    0.000702235    0.000702244
    0.820820821    0.000706698    0.000706701    0.000706710
    0.825825826    0.000711167    0.000711170    0.000711179
    0.830830831    0.000715639    0.000715642    0.000715651
    0.835835836    0.000720114    0.000720117    0.000720126
    0.840840841    0.000724592    0.000724595    0.000724604
    0.845845846    0.000729073    0.000729076    0.000729085
    0.850850851    0.000733558    0.000733561    0.000733570
    0.855855856    0.000738046    0.000738048    0.000738057
    0.860860861    0.000742536    0.000742539    0.000742548
    0.865865866    0.000747031    0.000747033    0.000747043
    0.870870871    0.000751528    0.000751531    0.000751540
    0.875875876    0.000756029    0.000756032    0.000756041
    0.880880881    0.000760533    0.000760536    0.000760545
    0.885885886    0.000765040    0.000765043    0.000765053
    0.890890891    0.000769551    0.000769554    0.000769564
    0.895895896    0.000774066    0.000774069    0.000774078
    0.900900901    0.000778583    0.000778586    0.000778596
    0.905905906    0.000783105    0.000783108    0.000783117
    0.910910911    0.000787629    0.000787632    0.000787642
    0.915915916    0.000792157    0.000792160    0.000792170
    0.920920921    0.000796689    0.000796692    0.000796702
    0.925925926    0.000801224    0.000801228    0.000801237
    0.930930931    0.000805763    0.000805767    0.000805776
    0.935935936    0.000810306    0.000810309    0.000810319
    0.940940941    0.000814852    0.000814855    0.000814865
    0.945945946    0.000819402    0.000819405    0.000819415
    0.950950951    0.000823956    0.000823959    0.000823969
    0.955955956    0.000828513    0.000828516    0.000828526
    0.960960961    0.000833074    0.000833077    0.000833087
    0.965965966    0.000837639    0.000837642    0.000837652
    0.970970971    0.000842208    0.000842211    0.000842221
    0.975975976    0.000846780    0.000846784    0.000846794
    0.980980981    0.000851357    0.000851360    0.000851370
    0.985985986    0.000855937    0.000855940    0.000855951
    0.990990991    0.000860521    0.000860525    0.000860535
    0.995995996    0.000865110    0.000865113    0.000865123
    1.001001001    0.000869702    0.000869705    0.000869716
    1.006006006    0.000874298    0.000874301    0.000874312
    1.011011011    0.000878898    0.000878902    0.000878913
    1.016016016    0.000883503    0.000883506    0.000883517
    1.021021021    0.000888111    0.000888115    0.000888126
    1.026026026    0.000892724    0.000892727    0.000892738
    1.031031031    0.000897341    0.000897344    0.000897355
    1.036036036    0.000901962    0.000901965    0.000901976
    1.041041041    0.000906587    0.000906591    0.000906602
    1.046046046    0.000911217    0.000911220    0.000911231
    1.051051051    0.000915851    0.000915854    0.000915865
    1.056056056    0.000920489    0.000920492    0.000920503
    1.061061061    0.000925131    0.000925135    0.000925146
    1.066066066    0.000929778    0.000929782    0.000929793
    1.071071071    0.000934430    0.000934433    0.000934444
    1.076076076    0.000939085    0.000939089    0.000939100
    1.081081081    0.000943746    0.000943749    0.000943761
    1.086086086    0.000948410    0.000948414    0.000948425
    1.091091091    0.000953080    0.000953083    0.000953095
    1.096096096    0.000957754    0.000957757    0.000957769
    1.101101101    0.000962432    0.000962436    0.000962447
    1.106106106    0.000967115    0.000967119    0.000967131
    1.111111111    0.000971803    0.000971807    0.000971819
    1.116116116    0.000976496    0.000976500    0.000976511
    1.121121121    0.000981193    0.000981197    0.000981209
    1.126126126    0.000985895    0.000985899    0.000985911
    1.131131131    0.000990602    0.000990606    0.000990618
    1.136136136    0.000995314    0.000995318    0.000995330
    1.141141141    0.001000031    0.001000035    0.001000047
    1.146146146    0.001004753    0.001004756    0.001004768
    1.151151151    0.001009479    0.001009483    0.001009495
    1.156156156    0.001014211    0.001014215    0.001014227
    1.161161161    0.001018947    0.001018951    0.001018963
    1.166166166    0.001023689    0.001023693    0.001023705
    1.171171171    0.001028436    0.001028440    0.001028452
    1.176176176    0.001033188    0.001033192    0.001033204
    1.181181181    0.001037945    0.001037949    0.001037961
    1.186186186    0.001042707    0.001042711    0.001042724
    1.191191191    0.001047475    0.001047479    0.001047491
    1.196196196    0.001052248    0.001052252    0.001052264
    1.201201201    0.001057026    0.001057030    0.001057043
    1.206206206    0.001061810    0.001061813    0.001061826
    1.211211211    0.001066599    0.001066602    0.001066615
    1.216216216    0.001071393    0.001071397    0.001071410
    1.221221221    0.001076193    0.001076197    0.001076210
    1.226226226    0.001080998    0.001081002    0.001081015
    1.231231231    0.001085809    0.001085813    0.001085826
    1.236236236    0.001090626    0.001090630    0.001090643
    1.241241241    0.001095448    0.001095452    0.001095465
    1.246246246    0.001100276    0.001100280    0.001100293
    1.251251251    0.001105110    0.001105114    0.001105127
    1.256256256    0.001109949    0.001109953    0.001109966
    1.261261261    0.001114794    0.001114798    0.001114812
    1.266266266    0.001119645    0.001119650    0.001119663
    1.271271271    0.001124502    0.001124506    0.001124520
    1.276276276    0.001129365    0.001129369    0.001129383
    1.281281281    0.001134234    0.001134238    0.001134252
    1.286286286    0.001139109    0.001139113    0.001139127
    1.291291291    0.001143990    0.001143994    0.001144008
    1.296296296    0.001148877    0.001148881    0.001148895
    1.301301301    0.001153770    0.001153774    0.001153788
    1.306306306    0.001158670    0.001158674    0.001158688
    1.311311311    0.001163575    0.001163579    0.001163593
    1.316316316    0.001168487    0.001168491    0.001168505
    1.321321321    0.001173405    0.001173410    0.001173424
    1.326326326    0.001178330    0.001178334    0.001178348
    1.331331331    0.001183261    0.001183265    0.001183279
    1.336336336    0.001188199    0.001188203    0.001188217
    1.341341341    0.001193143    0.001193147    0.001193161
    1.346346346    0.001198093    0.001198098    0.001198112
    1.351351351    0.001203050    0.001203055    0.001203069
    1.356356356    0.001208014    0.001208019    0.001208033
    1.361361361    0.001212985    0.001212989    0.001213004
    1.366366366    0.001217962    0.001217967    0.001217981
    1.371371371    0.001222946    0.001222951    0.001222965
    1.376376376    0.001227937    0.001227942    0.001227956
    1.381381381    0.001232935    0.001232940    0.001232954
    1.386386386    0.001237940    0.001237944    0.001237959
    1.391391391    0.001242952    0.001242956    0.001242971
    1.396396396    0.001247971    0.001247975    0.001247990
    1.401401401    0.001252997    0.001253001    0.001253016
    1.406406406    0.001258030    0.001258035    0.001258049
    1.411411411    0.001263070    0.001263075    0.001263090
    1.416416416    0.001268118    0.001268123    0.001268137
    1.421421421    0.001273173    0.001273178    0.001273193
    1.426426426    0.001278235    0.001278240    0.001278255
    1.431431431    0.001283305    0.001283310    0.001283325
    1.436436436    0.001288382    0.001288387    0.001288402
    1.441441441    0.001293467    0.001293472    0.001293487
    1.446446446    0.001298560    0.001298564    0.001298580
    1.451451451    0.001303660    0.001303665    0.001303680
    1.456456456    0.001308768    0.001308772    0.001308788
    1.461461461    0.001313883    0.001313888    0.001313903
    1.466466466    0.001319007    0.001319011    0.001319027
    1.471471471    0.001324138    0.001324143    0.001324158
    1.476476476    0.001329277    0.001329282    0.001329297
    1.481481481    0.001334424    0.001334429    0.001334445
    1.486486486    0.001339580    0.001339584    0.001339600
    1.491491491    0.001344743    0.001344748    0.001344763
    1.496496496    0.001349915    0.001349920    0.001349935
    1.501501502    0.001355094    0.001355099    0.001355115
    1.506506507    0.001360283    0.001360288    0.001360303
    1.511511512    0.001365479    0.001365484    0.001365500
    1.516516517    0.001370684    0.001370689    0.001370705
    1.521521522    0.001375898    0.001375903    0.001375919
    1.526526527    0.001381120    0.001381125    0.001381141
    1.531531532    0.001386351    0.001386355    0.001386371
    1.536536537    0.001391590    0.001391595    0.001391611
    1.541541542    0.001396838    0.001396843    0.001396859
    1.546546547    0.001402095    0.001402100    0.001402116
    1.551551552    0.001407361    0.001407366    0.001407382
    1.556556557    0.001412636    0.001412641    0.001412657
    1.561561562    0.001417920    0.001417925    0.001417941
    1.566566567    0.001423213    0.001423218    0.001423234
    1.571571572    0.001428515    0.001428520    0.001428537
    1.576576577    0.001433827    0.001433832    0.001433848
    1.581581582    0.001439147    0.001439153    0.001439169
    1.586586587    0.001444478    0.001444483    0.001444499
    1.591591592    0.001449817    0.001449823    0.001449839
    1.596596597    0.001455167    0.001455172    0.001455188
    1.601601602    0.001460525    0.001460531    0.001460547
    1.606606607    0.001465894    0.001465899    0.001465916
    1.611611612    0.001471272    0.001471278    0.001471294
    1.616616617    0.001476661    0.001476666    0.001476683
    1.621621622    0.001482059    0.001482064    0.001482081
    1.626626627    0.001487467    0.001487472    0.001487489
    1.631631632    0.001492885    0.001492890    0.001492907
    1.636636637    0.001498313    0.001498319    0.001498336
    1.641641642    0.001503752    0.001503757    0.001503774
    1.646646647    0.001509201    0.001509206    0.001509224
    1.651651652    0.001514661    0.001514666    0.001514683
    1.656656657    0.001520130    0.001520136    0.001520153
    1.661661662    0.001525611    0.001525616    0.001525634
    1.666666667    0.001531102    0.001531108    0.001531125
    1.671671672    0.001536604    0.001536609    0.001536627
    1.676676677    0.001542117    0.001542122    0.001542140
    1.681681682    0.001547641    0.001547646    0.001547664
    1.686686687    0.001553175    0.001553181    0.001553198
    1.691691692    0.001558721    0.001558727    0.001558744
    1.696696697    0.001564278    0.001564284    0.001564301
    1.701701702    0.001569847    0.001569852    0.001569870
    1.706706707    0.001575427    0.001575432    0.001575450
    1.711711712    0.001581018    0.001581023    0.001581041
    1.716716717    0.001586621    0.001586626    0.001586644
    1.721721722    0.001592235    0.001592241    0.001592259
    1.726726727    0.001597862    0.001597867    0.001597885
    1.731731732    0.001603500    0.001603506    0.001603523
    1.736736737    0.001609150    0.001609156    0.001609174
    1.741741742    0.001614813    0.001614818    0.001614836
    1.746746747    0.001620487    0.001620493    0.001620511
    1.751751752    0.001626174    0.001626180    0.001626198
    1.756756757    0.001631873    0.001631879    0.001631897
    1.761761762    0.001637585    0.001637590    0.001637609
    1.766766767    0.001643309    0.001643315    0.001643333
    1.771771772    0.001649046    0.001649052    0.001649070
    1.776776777    0.001654796    0.001654802    0.001654820
    1.781781782    0.001660559    0.001660564    0.001660583
    1.786786787    0.001666335    0.001666340    0.001666359
    1.791791792    0.001672124    0.001672129    0.001672148
    1.796796797    0.001677926    0.001677932    0.001677950
    1.801801802    0.001683742    0.001683747    0.001683766
    1.806806807    0.001689571    0.001689577    0.001689595
    1.811811812    0.001695414    0.001695420    0.001695438
    1.816816817    0.001701270    0.001701276    0.001701295
    1.821821822    0.001707141    0.001707147    0.001707165
    1.826826827    0.001713025    0.001713031    0.001713050
    1.831831832    0.001718924    0.001718930    0.001718949
    1.836836837    0.001724837    0.001724843    0.001724862
    1.841841842    0.001730764    0.001730770    0.001730789
    1.846846847    0.001736706    0.001736712    0.001736731
    1.851851852    0.001742662    0.001742668    0.001742687
    1.856856857    0.001748634    0.001748639    0.001748659
    1.861861862    0.001754620    0.001754626    0.001754645
    1.866866867    0.001760621    0.001760627    0.001760646
    1.871871872    0.001766637    0.001766643    0.001766662
    1.876876877    0.001772669    0.001772675    0.001772694
    1.881881882    0.001778716    0.001778722    0.001778741
    1.886886887    0.001784779    0.001784785    0.001784804
    1.891891892    0.001790857    0.001790863    0.001790883
    1.896896897    0.001796952    0.001796958    0.001796977
    1.901901902    0.001803062    0.001803068    0.001803088
    1.906906907    0.001809189    0.001809195    0.001809215
    1.911911912    0.001815332    0.001815338    0.001815358
    1.916916917    0.001821492    0.001821498    0.001821518
    1.921921922    0.001827668    0.001827674    0.001827694
    1.926926927    0.001833861    0.001833867    0.001833887
    1.931931932    0.001840071    0.001840077    0.001840097
    1.936936937    0.001846299    0.001846305    0.001846325
    1.941941942    0.001852543    0.001852549    0.001852569
    1.946946947    0.001858805    0.001858811    0.001858831
    1.951951952    0.001865085    0.001865091    0.001865111
    1.956956957    0.001871383    0.001871389    0.001871409
    1.961961962    0.001877698    0.001877705    0.001877725
    1.966966967    0.001884032    0.001884038    0.001884058
    1.971971972    0.001890384    0.001890391    0.001890411
    1.976976977    0.001896755    0.001896761    0.001896782
    1.981981982    0.001903145    0.001903151    0.001903171
    1.986986987    0.001909553    0.001909559    0.001909580
    1.991991992    0.001915980    0.001915987    0.001916007
    1.996996997    0.001922427    0.001922434    0.001922454
    2.002002002    0.001928894    0.001928900    0.001928921
    2.007007007    0.001935380    0.001935386    0.001935407
    2.012012012    0.001941886    0.001941892    0.001941913
    2.017017017    0.001948412    0.001948418    0.001948439
    2.022022022    0.001954958    0.001954965    0.001954985
    2.027027027    0.001961525    0.001961532    0.001961552
    2.032032032    0.001968113    0.001968119    0.001968140
    2.037037037    0.001974722    0.001974728    0.001974749
    2.042042042    0.001981352    0.001981358    0.001981379
    2.047047047    0.001988003    0.001988009    0.001988030
    2.052052052    0.001994676    0.001994682    0.001994703
    2.057057057    0.002001371    0.002001377    0.002001398
    2.062062062    0.002008087    0.002008094    0.002008115
    2.067067067    0.002014827    0.002014833    0.002014854
    2.072072072    0.002021588    0.002021595    0.002021616
    2.077077077    0.002028373    0.002028380    0.002028401
    2.082082082    0.002035181    0.002035187    0.002035209
    2.087087087    0.002042012    0.002042018    0.002042040
    2.092092092    0.002048866    0.002048873    0.002048894
    2.097097097    0.002055745    0.002055751    0.002055773
    2.102102102    0.002062647    0.002062654    0.002062675
    2.107107107    0.002069574    0.002069581    0.002069602
    2.112112112    0.002076526    0.002076533    0.002076554
    2.117117117    0.002083502    0.002083509    0.002083530
    2.122122122    0.002090504    0.002090511    0.002090532
    2.127127127    0.002097531    0.002097538    0.002097559
    2.132132132    0.002104584    0.002104591    0.002104612
    2.137137137    0.002111663    0.002111670    0.002111692
    2.142142142    0.002118769    0.002118775    0.002118797
    2.147147147    0.002125901    0.002125907    0.002125929
    2.152152152    0.002133060    0.002133067    0.002133088
    2.157157157    0.002140246    0.002140253    0.002140275
    2.162162162    0.002147460    0.002147467    0.002147489
    2.167167167    0.002154702    0.002154709    0.002154731
    2.172172172    0.002161972    0.002161979    0.002162001
    2.177177177    0.002169271    0.002169278    0.002169300
    2.182182182    0.002176599    0.002176606    0.002176628
    2.187187187    0.002183956    0.002183963    0.002183985
    2.192192192    0.002191343    0.002191350    0.002191372
    2.197197197    0.002198760    0.002198767    0.002198789
    2.202202202    0.002206207    0.002206214    0.002206236
    2.207207207    0.002213685    0.002213692    0.002213714
    2.212212212    0.002221194    0.002221201    0.002221224
    2.217217217    0.002228735    0.002228742    0.002228764
    2.222222222    0.002236308    0.002236315    0.002236337
    2.227227227    0.002243913    0.002243920    0.002243942
    2.232232232    0.002251550    0.002251557    0.002251580
    2.237237237    0.002259221    0.002259228    0.002259251
    2.242242242    0.002266926    0.002266933    0.002266955
    2.247247247    0.002274664    0.002274671    0.002274694
    2.252252252    0.002282437    0.002282444    0.002282467
    2.257257257    0.002290245    0.002290252    0.002290274
    2.262262262    0.002298088    0.002298095    0.002298118
    2.267267267    0.002305967    0.002305974    0.002305997
    2.272272272    0.002313882    0.002313889    0.002313912
    2.277277277    0.002321834    0.002321841    0.002321864
    2.282282282    0.002329823    0.002329830    0.002329853
    2.287287287    0.002337850    0.002337857    0.002337880
    2.292292292    0.002345915    0.002345922    0.002345945
    2.297297297    0.002354019    0.002354026    0.002354050
    2.302302302    0.002362162    0.002362170    0.002362193
    2.307307307    0.002370346    0.002370353    0.002370376
    2.312312312    0.002378569    0.002378577    0.002378600
    2.317317317    0.002386834    0.002386841    0.002386864
    2.322322322    0.002395140    0.002395147    0.002395170
    2.327327327    0.002403488    0.002403495    0.002403519
    2.332332332    0.002411879    0.002411886    0.002411910
    2.337337337    0.002420313    0.002420320    0.002420344
    2.342342342    0.002428791    0.002428798    0.002428822
    2.347347347    0.002437314    0.002437321    0.002437345
    2.352352352    0.002445882    0.002445889    0.002445913
    2.357357357    0.002454495    0.002454503    0.002454526
    2.362362362    0.002463156    0.002463163    0.002463187
    2.367367367    0.002471863    0.002471871    0.002471894
    2.372372372    0.002480619    0.002480626    0.002480650
    2.377377377    0.002489423    0.002489430    0.002489454
    2.382382382    0.002498276    0.002498284    0.002498308
    2.387387387    0.002507180    0.002507187    0.002507211
    2.392392392    0.002516134    0.002516142    0.002516166
    2.397397397    0.002525140    0.002525148    0.002525172
    2.402402402    0.002534199    0.002534207    0.002534231
    2.407407407    0.002543311    0.002543318    0.002543343
    2.412412412    0.002552477    0.002552484    0.002552509
    2.417417417    0.002561698    0.002561705    0.002561730
    2.422422422    0.002570975    0.002570982    0.002571006
    2.427427427    0.002580308    0.002580316    0.002580340
    2.432432432    0.002589699    0.002589707    0.002589731
    2.437437437    0.002599149    0.002599157    0.002599181
    2.442442442    0.002608658    0.002608666    0.002608690
    2.447447447    0.002618228    0.002618235    0.002618260
    2.452452452    0.002627859    0.002627867    0.002627891
    2.457457457    0.002637553    0.002637560    0.002637585
    2.462462462    0.002647310    0.002647317    0.002647342
    2.467467467    0.002657132    0.002657139    0.002657164
    2.472472472    0.002667019    0.002667027    0.002667051
    2.477477477    0.002676973    0.002676981    0.002677006
    2.482482482    0.002686996    0.002687004    0.002687028
    2.487487487    0.002697087    0.002697095    0.002697120
    2.492492492    0.002707249    0.002707257    0.002707282
    2.497497497    0.002717483    0.002717491    0.002717515
    2.502502503    0.002727789    0.002727797    0.002727822
    2.507507508    0.002738170    0.002738178    0.002738203
    2.512512513    0.002748626    0.002748634    0.002748659
    2.517517518    0.002759159    0.002759167    0.002759192
    2.522522523    0.002769770    0.002769778    0.002769803
    2.527527528    0.002780461    0.002780469    0.002780494
    2.532532533    0.002791233    0.002791241    0.002791266
    2.537537538    0.002802088    0.002802096    0.002802121
    2.542542543    0.002813027    0.002813035    0.002813060
    2.547547548    0.002824052    0.002824060    0.002824086
    2.552552553    0.002835165    0.002835173    0.002835198
    2.557557558    0.002846367    0.002846375    0.002846400
    2.562562563    0.002857659    0.002857667    0.002857693
    2.567567568    0.002869045    0.002869053    0.002869078
    2.572572573    0.002880525    0.002880533    0.002880558
    2.577577578    0.002892101    0.002892109    0.002892135
    2.582582583    0.002903776    0.002903784    0.002903810
    2.587587588    0.002915551    0.002915559    0.002915585
    2.592592593    0.002927429    0.002927437    0.002927463
    2.597597598    0.002939411    0.002939419    0.002939445
    2.602602603    0.002951500    0.002951508    0.002951534
    2.607607608    0.002963697    0.002963706    0.002963731
    2.612612613    0.002976006    0.002976015    0.002976040
    2.617617618    0.002988429    0.002988437    0.002988463
    2.622622623    0.003000968    0.003000976    0.003001002
    2.627627628    0.003013625    0.003013633    0.003013659
    2.632632633    0.003026403    0.003026412    0.003026438
    2.637637638    0.003039306    0.003039314    0.003039340
    2.642642643    0.003052334    0.003052343    0.003052369
    2.647647648    0.003065493    0.003065501    0.003065527
    2.652652653    0.003078784    0.003078792    0.003078818
    2.657657658    0.003092210    0.003092218    0.003092244
    2.662662663    0.003105775    0.003105783    0.003105809
    2.667667668    0.003119481    0.003119490    0.003119516
    2.672672673    0.003133333    0.003133341    0.003133368
    2.677677678    0.003147333    0.003147342    0.003147368
    2.682682683    0.003161486    0.003161494    0.003161521
    2.687687688    0.003175795    0.003175803    0.003175830
    2.692692693    0.003190263    0.003190271    0.003190298
    2.697697698    0.003204895    0.003204903    0.003204930
    2.702702703    0.003219695    0.003219703    0.003219730
    2.707707708    0.003234667    0.003234675    0.003234702
    2.712712713    0.003249815    0.003249824    0.003249850
    2.717717718    0.003265144    0.003265153    0.003265180
    2.722722723    0.003280660    0.003280668    0.003280695
    2.727727728    0.003296365    0.003296374    0.003296401
    2.732732733    0.003312267    0.003312276    0.003312303
    2.737737738    0.003328370    0.003328378    0.003328406
    2.742742743    0.003344679    0.003344687    0.003344715
    2.747747748    0.003361200    0.003361209    0.003361236
    2.752752753    0.003377940    0.003377949    0.003377976
    2.757757758    0.003394904    0.003394913    0.003394940
    2.762762763    0.003412098    0.003412107    0.003412135
    2.767767768    0.003429531    0.003429539    0.003429567
    2.772772773    0.003447207    0.003447216    0.003447243
    2.777777778    0.003465135    0.003465144    0.003465172
    2.782782783    0.003483322    0.003483331    0.003483359
    2.787787788    0.003501776    0.003501785    0.003501813
    2.792792793    0.003520506    0.003520515    0.003520543
    2.797797798    0.003539519    0.003539528    0.003539556
    2.802802803    0.003558825    0.003558834    0.003558862
    2.807807808    0.003578432    0.003578441    0.003578469
    2.812812813    0.003598352    0.003598361    0.003598389
    2.817817818    0.003618593    0.003618602    0.003618631
    2.822822823    0.003639167    0.003639176    0.003639205
    2.827827828    0.003660085    0.003660094    0.003660123
    2.832832833    0.003681359    0.003681368    0.003681396
    2.837837838    0.003703000    0.003703009    0.003703037
    2.842842843    0.003725021    0.003725030    0.003725059
    2.847847848    0.003747437    0.003747446    0.003747475
    2.852852853    0.003770261    0.003770270    0.003770299
    2.857857858    0.003793508    0.003793517    0.003793546
    2.862862863    0.003817194    0.003817203    0.003817232
    2.867867868    0.003841335    0.003841344    0.003841373
    2.872872873    0.003865949    0.003865958    0.003865987
    2.877877878    0.003891053    0.003891062    0.003891092
    2.882882883    0.003916667    0.003916677    0.003916706
    2.887887888    0.003942812    0.003942822    0.003942851
    2.892892893    0.003969508    0.003969518    0.003969547
    2.897897898    0.003996779    0.003996788    0.003996818
    2.902902903    0.004024647    0.004024657    0.004024687
    2.907907908    0.004053139    0.004053149    0.004053179
    2.912912913    0.004082281    0.004082291    0.004082321
    2.917917918    0.004112101    0.004112111    0.004112141
    2.922922923    0.004142629    0.004142639    0.004142669
    2.927927928    0.004173897    0.004173906    0.004173937
    2.932932933    0.004205938    0.004205948    0.004205978
    2.937937938    0.004238788    0.004238798    0.004238828
    2.942942943    0.004272485    0.004272495    0.004272525
    2.947947948    0.004307069    0.004307079    0.004307109
    2.952952953    0.004342582    0.004342592    0.004342623
    2.957957958    0.004379071    0.004379081    0.004379112
    2.962962963    0.004416583    0.004416593    0.004416624
    2.967967968    0.004455169    0.004455179    0.004455210
    2.972972973    0.004494884    0.004494894    0.004494925
    2.977977978    0.004535785    0.004535796    0.004535827
    2.982982983    0.004577936    0.004577946    0.004577977
    2.987987988    0.004621399    0.004621409    0.004621441
    2.992992993    0.004666246    0.004666256    0.004666288
    2.997997998    0.004712550    0.004712560    0.004712592
    3.003003003    0.004760388    0.004760398    0.004760431
    3.008008008    0.004809843    0.004809854    0.004809887
    3.013013013    0.004861004    0.004861014    0.004861047
    3.018018018    0.004913960    0.004913971    0.004914004
    3.023023023    0.004968810    0.004968820    0.004968854
    3.028028028    0.005025653    0.005025664    0.005025697
    3.033033033    0.005084595    0.005084606    0.005084640
    3.038038038    0.005145746    0.005145757    0.005145791
    3.043043043    0.005209216    0.005209227    0.005209261
    3.048048048    0.005275119    0.005275130    0.005275165
    3.053053053    0.005343571    0.005343582    0.005343617
    3.058058058    0.005414684    0.005414696    0.005414731
    3.063063063    0.005488569    0.005488580    0.005488616
    3.068068068    0.005565328    0.005565340    0.005565376
    3.073073073    0.005645055    0.005645067    0.005645103
    3.078078078    0.005727829    0.005727840    0.005727877
    3.083083083    0.005813707    0.005813719    0.005813756
    3.088088088    0.005902722    0.005902734    0.005902771
    3.093093093    0.005994871    0.005994883    0.005994921
    3.098098098    0.006090109    0.006090121    0.006090159
    3.103103103    0.006188339    0.006188352    0.006188391
    3.108108108    0.006289406    0.006289418    0.006289458
    3.113113113    0.006393081    0.006393093    0.006393133
    3.118118118    0.006499059    0.006499072    0.006499113
    3.123123123    0.006606953    0.006606965    0.006607006
    3.128128128    0.006716286    0.006716298    0.006716340
    3.133133133    0.006826500    0.006826513    0.006826556
    3.138138138    0.006936965    0.006936978    0.006937021
    3.143143143    0.007046989    0.007047003    0.007047046
    3.148148148    0.007155854    0.007155867    0.007155911
    3.153153153    0.007262840    0.007262853    0.007262898
    3.158158158    0.007367272    0.007367285    0.007367330
    3.163163163    0.007468562    0.007468575    0.007468621
    3.168168168    0.007566254    0.007566268    0.007566313
    3.173173173    0.007660066    0.007660080    0.007660126
    3.178178178    0.007749921    0.007749935    0.007749982
    3.183183183    0.007835966    0.007835979    0.007836026
    3.188188188    0.007918572    0.007918586    0.007918633
    3.193193193    0.007998329    0.007998343    0.007998391
    3.198198198    0.008076013    0.008076027    0.008076075
    3.203203203    0.008152553    0.008152567    0.008152615
    3.208208208    0.008228988    0.008229002    0.008229050
    3.213213213    0.008306420    0.008306434    0.008306482
    3.218218218    0.008385981    0.008385995    0.008386043
    3.223223223    0.008468792    0.008468806    0.008468854
    3.228228228    0.008555938    0.008555952    0.008556000
    3.233233233    0.008648452    0.008648466    0.008648515
    3.238238238    0.008747304    0.008747318    0.008747367
    3.243243243    0.008853398    0.008853412    0.008853461
    3.248248248    0.008967574    0.008967588    0.008967637
    3.253253253    0.009090614    0.009090628    0.009090677
    3.258258258    0.009223254    0.009223268    0.009223317
    3.263263263    0.009366189    0.009366202    0.009366252
    3.268268268    0.009520086    0.009520100    0.009520150
    3.273273273    0.009685595    0.009685609    0.009685660
    3.278278278    0.009863355    0.009863369    0.009863420
    3.283283283    0.010054001    0.010054015    0.010054066
    3.288288288    0.010258171    0.010258185    0.010258237
    3.293293293    0.010476507    0.010476521    0.010476574
    3.298298298    0.010709661    0.010709674    0.010709728
    3.303303303    0.010958286    0.010958300    0.010958355
    3.308308308    0.011223043    0.011223057    0.011223112
    3.313313313    0.011504586    0.011504600    0.011504656
    3.318318318    0.011803562    0.011803576    0.011803633
    3.323323323    0.012120598    0.012120612    0.012120670
    3.328328328    0.012456287    0.012456302    0.012456361
    3.333333333    0.012811182    0.012811196    0.012811257
    3.338338338    0.013185770    0.013185785    0.013185847
    3.343343343    0.013580464    0.013580479    0.013580542
    3.348348348    0.013995579    0.013995594    0.013995658
    3.353353353    0.014431311    0.014431326    0.014431392
    3.358358358    0.014887719    0.014887735    0.014887802
    3.363363363    0.015364697    0.015364713    0.015364782
    3.368368368    0.015861946    0.015861962    0.015862033
    3.373373373    0.016378945    0.016378962    0.016379034
    3.378378378    0.016914918    0.016914936    0.016915010
    3.383383383    0.017468794    0.017468813    0.017468888
    3.388388388    0.018039166    0.018039185    0.018039261
    3.393393393    0.018624241    0.018624261    0.018624339
    3.398398398    0.019221798    0.019221819    0.019221898
    3.403403403    0.019829127    0.019829149    0.019829229
    3.408408408    0.020442979    0.020443002    0.020443084
    3.413413413    0.021059513    0.021059538    0.021059621
    3.418418418    0.021674248    0.021674274    0.021674358
    3.423423423    0.022282029    0.022282056    0.022282141
    3.428428428    0.022877016    0.022877045    0.022877130
    3.433433433    0.023452711    0.023452742    0.023452828
    3.438438438    0.024002037    0.024002070    0.024002155
    3.443443443    0.024517475    0.024517511    0.024517595
    3.448448448    0.024991293    0.024991330    0.024991414
    3.453453453    0.025415831    0.025415871    0.025415953
    3.458458458    0.025783880    0.025783923    0.025784003
    3.463463463    0.026089086    0.026089131    0.026089210
    3.468468468    0.026326377    0.026326425    0.026326501
    3.473473473    0.026492346    0.026492396    0.026492469
    3.478478478    0.026585550    0.026585602    0.026585673
    3.483483483    0.026606679    0.026606733    0.026606800
    3.488488488    0.026558565    0.026558620    0.026558684
    3.493493493    0.026446027    0.026446084    0.026446145
    3.498498498    0.026275571    0.026275628    0.026275686
    3.503503504    0.026054966    0.026055024    0.026055079
    3.508508509    0.025792764    0.025792822    0.025792875
    3.513513514    0.025497803    0.025497861    0.025497912
    3.518518519    0.025178744    0.025178802    0.025178850
    3.523523524    0.024843678    0.024843735    0.024843781
    3.528528529    0.024499829    0.024499885    0.024499930
    3.533533534    0.024153366    0.024153421    0.024153464
    3.538538539    0.023809312    0.023809365    0.023809407
    3.543543544    0.023471554    0.023471606    0.023471647
    3.548548549    0.023142931    0.023142982    0.023143022
    3.553553554    0.022825386    0.022825435    0.022825474
    3.558558559    0.022520148    0.022520196    0.022520234
    3.563563564    0.022227949    0.022227995    0.022228033
    3.568568569    0.021949223    0.021949267    0.021949305
    3.573573574    0.021684292    0.021684335    0.021684373
    3.578578579    0.021433515    0.021433556    0.021433594
    3.583583584    0.021197382    0.021197422    0.021197460
    3.588588589    0.020976564    0.020976603    0.020976641
    3.593593594    0.020771909    0.020771945    0.020771985
    3.598598599    0.020584392    0.020584427    0.020584467
    3.603603604    0.020415043    0.020415077    0.020415118
    3.608608609    0.020264849    0.020264882    0.020264924
    3.613613614    0.020134656    0.020134688    0.020134730
    3.618618619    0.020025072    0.020025103    0.020025146
    3.623623624    0.019936396    0.019936426    0.019936470
    3.628628629    0.019868554    0.019868584    0.019868629
    3.633633634    0.019821073    0.019821102    0.019821148
    3.638638639    0.019793063    0.019793091    0.019793139
    3.643643644    0.019783236    0.019783264    0.019783312
    3.648648649    0.019789936    0.019789964    0.019790014
    3.653653654    0.019811188    0.019811215    0.019811267
    3.658658659    0.019844755    0.019844782    0.019844835
    3.663663664    0.019888203    0.019888230    0.019888284
    3.668668669    0.019938968    0.019938994    0.019939050
    3.673673674    0.019994416    0.019994442    0.019994499
    3.678678679    0.020051903    0.020051928    0.020051988
    3.683683684    0.020108833    0.020108858    0.020108919
    3.688688689    0.020162713    0.020162738    0.020162802
    3.693693694    0.020211217    0.020211242    0.020211307
    3.698698699    0.020252251    0.020252275    0.020252342
    3.703703704    0.020284032    0.020284056    0.020284125
    3.708708709    0.020305173    0.020305197    0.020305267
    3.713713714    0.020314762    0.020314786    0.020314858
    3.718718719    0.020312433    0.020312457    0.020312531
    3.723723724    0.020298409    0.020298432    0.020298508
    3.728728729    0.020273510    0.020273533    0.020273610
    3.733733734    0.020239122    0.020239145    0.020239223
    3.738738739    0.020197119    0.020197142    0.020197221
    3.743743744    0.020149748    0.020149770    0.020149850
    3.748748749    0.020099487    0.020099509    0.020099589
    3.753753754    0.020048895    0.020048918    0.020048998
    3.758758759    0.020000469    0.020000491    0.020000572
    3.763763764    0.019956512    0.019956534    0.019956615
    3.768768769    0.019919044    0.019919067    0.019919148
    3.773773774    0.019889749    0.019889772    0.019889853
    3.778778779    0.019869956    0.019869979    0.019870059
    3.783783784    0.019860664    0.019860686    0.019860767
    3.788788789    0.019862594    0.019862617    0.019862697
    3.793793794    0.019876265    0.019876288    0.019876367
    3.798798799    0.019902065    0.019902088    0.019902168
    3.803803804    0.019940333    0.019940356    0.019940435
    3.808808809    0.019991410    0.019991434    0.019991513
    3.813813814    0.020055671    0.020055695    0.020055774
    3.818818819    0.020133523    0.020133547    0.020133626
    3.823823824    0.020225374    0.020225398    0.020225476
    3.828828829    0.020331571    0.020331595    0.020331674
    3.833833834    0.020452327    0.020452352    0.020452430
    3.838838839    0.020587630    0.020587654    0.020587733
    3.843843844    0.020737158    0.020737182    0.020737261
    3.848848849    0.020900214    0.020900238    0.020900318
    3.853853854    0.021075673    0.021075698    0.021075778
    3.858858859    0.021261967    0.021261992    0.021262073
    3.863863864    0.021457100    0.021457126    0.021457207
    3.868868869    0.021658703    0.021658729    0.021658810
    3.873873874    0.021864118    0.021864144    0.021864226
    3.878878879    0.022070515    0.022070541    0.022070624
    3.883883884    0.022275031    0.022275058    0.022275141
    3.888888889    0.022474914    0.022474942    0.022475025
    3.893893894    0.022667670    0.022667698    0.022667782
    3.898898899    0.022851184    0.022851213    0.022851297
    3.903903904    0.023023823    0.023023853    0.023023937
    3.908908909    0.023184494    0.023184525    0.023184609
    3.913913914    0.023332662    0.023332693    0.023332777
    3.918918919    0.023468319    0.023468351    0.023468435
    3.923923924    0.023591922    0.023591955    0.023592039
    3.928928929    0.023704295    0.023704328    0.023704412
    3.933933934    0.023806505    0.023806539    0.023806622
    3.938938939    0.023899736    0.023899771    0.023899853
    3.943943944    0.023985160    0.023985195    0.023985277
    3.948948949    0.024063814    0.024063849    0.024063930
    3.953953954    0.024136503    0.024136539    0.024136620
    3.958958959    0.024203730    0.024203766    0.024203846
    3.963963964    0.024265647    0.024265684    0.024265763
    3.968968969    0.024322056    0.024322094    0.024322171
    3.973973974    0.024372428    0.024372466    0.024372542
    3.978978979    0.024415957    0.024415995    0.024416070
    3.983983984    0.024451638    0.024451676    0.024451750
    3.988988989    0.024478355    0.024478394    0.024478466
    3.993993994    0.024494982    0.024495021    0.024495092
    3.998998999    0.024500483    0.024500522    0.024500591
    4.004004004    0.024494011    0.024494050    0.024494118
    4.009009009    0.024475006    0.024475045    0.024475112
    4.014014014    0.024443282    0.024443321    0.024443386
    4.019019019    0.024399095    0.024399134    0.024399198
    4.024024024    0.024343201    0.024343239    0.024343302
    4.029029029    0.024276868    0.024276907    0.024276968
    4.034034034    0.024201866    0.024201904    0.024201964
    4.039039039    0.024120402    0.024120439    0.024120498
    4.044044044    0.024035018    0.024035055    0.024035113
    4.049049049    0.023948458    0.023948494    0.023948551
    4.054054054    0.023863503    0.023863538    0.023863594
    4.059059059    0.023782801    0.023782835    0.023782891
    4.064064064    0.023708703    0.023708737    0.023708792
    4.069069069    0.023643121    0.023643153    0.023643207
    4.074074074    0.023587410    0.023587442    0.023587495
    4.079079079    0.023542304    0.023542335    0.023542388
    4.084084084    0.023507883    0.023507913    0.023507966
    4.089089089    0.023483598    0.023483627    0.023483680
    4.094094094    0.023468334    0.023468362    0.023468414
    4.099099099    0.023460521    0.023460548    0.023460600
    4.104104104    0.023458273    0.023458299    0.023458350
    4.109109109    0.023459556    0.023459582    0.023459633
    4.114114114    0.023462362    0.023462386    0.023462437
    4.119119119    0.023464869    0.023464893    0.023464943
    4.124124124    0.023465585    0.023465607    0.023465657
    4.129129129    0.023463439    0.023463461    0.023463510
    4.134134134    0.023457833    0.023457854    0.023457902
    4.139139139    0.023448624    0.023448644    0.023448691
    4.144144144    0.023436065    0.023436084    0.023436131
    4.149149149    0.023420707    0.023420726    0.023420771
    4.154154154    0.023403276    0.023403294    0.023403339
    4.159159159    0.023384548    0.023384566    0.023384609
    4.164164164    0.023365242    0.023365260    0.023365302
    4.169169169    0.023345942    0.023345959    0.023346000
    4.174174174    0.023327048    0.023327065    0.023327105
    4.179179179    0.023308775    0.023308791    0.023308830
    4.184184184    0.023291169    0.023291185    0.023291223
    4.189189189    0.023274156    0.023274171    0.023274208
    4.194194194    0.023257590    0.023257605    0.023257640
    4.199199199    0.023241301    0.023241316    0.023241350
    4.204204204    0.023225135    0.023225149    0.023225182
    4.209209209    0.023208969    0.023208983    0.023209015
    4.214214214    0.023192719    0.023192732    0.023192763
    4.219219219    0.023176331    0.023176343    0.023176373
    4.224224224    0.023159766    0.023159778    0.023159806
    4.229229229    0.023142992    0.023143004    0.023143031
    4.234234234    0.023125977    0.023125988    0.023126014
    4.239239239    0.023108686    0.023108697    0.023108722
    4.244244244    0.023091094    0.023091105    0.023091128
    4.249249249    0.023073190    0.023073200    0.023073222
    4.254254254    0.023054984    0.023054993    0.023055014
    4.259259259    0.023036510    0.023036518    0.023036538
    4.264264264    0.023017818    0.023017826    0.023017845
    4.269269269    0.022998966    0.022998973    0.022998991
    4.274274274    0.022980001    0.022980008    0.022980024
    4.279279279    0.022960955    0.022960962    0.022960976
    4.284284284    0.022941841    0.022941847    0.022941861
    4.289289289    0.022922658    0.022922663    0.022922675
    4.294294294    0.022903409    0.022903413    0.022903425
    4.299299299    0.022884125    0.022884130    0.022884139
    4.304304304    0.022864894    0.022864898    0.022864907
    4.309309309    0.022845882    0.022845885    0.022845893
    4.314314314    0.022827354    0.022827357    0.022827363
    4.319319319    0.022809681    0.022809683    0.022809688
    4.324324324    0.022793337    0.022793339    0.022793342
    4.329329329    0.022778891    0.022778892    0.022778895
    4.334334334    0.022766988    0.022766988    0.022766989
    4.339339339    0.022758333    0.022758333    0.022758332
    4.344344344    0.022753682    0.022753682    0.022753680
    4.349349349    0.022753839    0.022753838    0.022753835
    4.354354354    0.022759651    0.022759650    0.022759645
    4.359359359    0.022772028    0.022772027    0.022772021
    4.364364364    0.022791947    0.022791945    0.022791938
    4.369369369    0.022820465    0.022820463    0.022820454
    4.374374374    0.022858724    0.022858721    0.022858710
    4.379379379    0.022907942    0.022907939    0.022907927
    4.384384384    0.022969403    0.022969399    0.022969385
    4.389389389    0.023044426    0.023044422    0.023044406
    4.394394394    0.023134333    0.023134329    0.023134311
    4.399399399    0.023240407    0.023240402    0.023240383
    4.404404404    0.023363849    0.023363844    0.023363823
    4.409409409    0.023505734    0.023505728    0.023505705
    4.414414414    0.023666974    0.023666968    0.023666943
    4.419419419    0.023848283    0.023848276    0.023848249
    4.424424424    0.024050157    0.024050149    0.024050120
    4.429429429    0.024272855    0.024272847    0.024272816
    4.434434434    0.024516406    0.024516397    0.024516363
    4.439439439    0.024780614    0.024780605    0.024780569
    4.444444444    0.025065091    0.025065081    0.025065042
    4.449449449    0.025369292    0.025369281    0.025369240
    4.454454454    0.025692562    0.025692550    0.025692506
    4.459459459    0.026034191    0.026034178    0.026034131
    4.464464464    0.026393465    0.026393451    0.026393402
    4.469469469    0.026769714    0.026769699    0.026769647
    4.474474474    0.027162345    0.027162329    0.027162274
    4.479479479    0.027570865    0.027570848    0.027570790
    4.484484484    0.027994888    0.027994870    0.027994809
    4.489489489    0.028434130    0.028434111    0.028434046
    4.494494494    0.028888393    0.028888373    0.028888305
    4.499499499    0.029357560    0.029357538    0.029357467
    4.504504505    0.029841577    0.029841554    0.029841480
    4.509509510    0.030340463    0.030340438    0.030340360
    4.514514515    0.030854314    0.030854287    0.030854207
    4.519519520    0.031383328    0.031383300    0.031383216
    4.524524525    0.031927822    0.031927793    0.031927706
    4.529529530    0.032488249    0.032488218    0.032488128
    4.534534535    0.033065193    0.033065161    0.033065067
    4.539539540    0.033659346    0.033659312    0.033659215
    4.544544545    0.034271454    0.034271417    0.034271317
    4.549549550    0.034902233    0.034902194    0.034902091
    4.554554555    0.035552264    0.035552223    0.035552117
    4.559559560    0.036221870    0.036221827    0.036221717
    4.564564565    0.036910990    0.036910946    0.036910832
    4.569569570    0.037619071    0.037619025    0.037618908
    4.574574575    0.038344984    0.038344935    0.038344815
    4.579579580    0.039086985    0.039086935    0.039086811
    4.584584585    0.039842734    0.039842681    0.039842553
    4.589589590    0.040609367    0.040609312    0.040609180
    4.594594595    0.041383631    0.041383574    0.041383438
    4.599599600    0.042162074    0.042162014    0.042161874
    4.604604605    0.042941270    0.042941208    0.042941063
    4.609609610    0.043718078    0.043718014    0.043717864
    4.614614615    0.044489901    0.044489836    0.044489681
    4.619619620    0.045254939    0.045254872    0.045254712
    4.624624625    0.046012409    0.046012340    0.046012174
    4.629629630    0.046762719    0.046762649    0.046762477
    4.634634635    0.047507590    0.047507517    0.047507340
    4.639639640    0.048250099    0.048250025    0.048249841
    4.644644645    0.048994664    0.048994588    0.048994397
    4.649649650    0.049746938    0.049746861    0.049746663
    4.654654655    0.050513646    0.050513568    0.050513362
    4.659659660    0.051302354    0.051302274    0.051302060
    4.664664665    0.052121188    0.052121106    0.052120884
    4.669669670    0.052978529    0.052978445    0.052978214
    4.674674675    0.053882695    0.053882610    0.053882369
    4.679679680    0.054841624    0.054841536    0.054841286
    4.684684685    0.055862574    0.055862484    0.055862223
    4.689689690    0.056951846    0.056951754    0.056951482
    4.694694695    0.058114534    0.058114439    0.058114156
    4.699699700    0.059354291    0.059354195    0.059353900
    4.704704705    0.060673120    0.060673021    0.060672715
    4.709709710    0.062071171    0.062071070    0.062070752
    4.714714715    0.063546562    0.063546459    0.063546130
    4.719719720    0.065095211    0.065095106    0.065094766
    4.724724725    0.066710694    0.066710586    0.066710236
    4.729729730    0.068384136    0.068384026    0.068383667
    4.734734735    0.070104163    0.070104051    0.070103684
    4.739739740    0.071856910    0.071856797    0.071856423
    4.744744745    0.073626136    0.073626022    0.073625644
    4.749749750    0.075393444    0.075393330    0.075392950
    4.754754755    0.077138644    0.077138530    0.077138150
    4.759759760    0.078840254    0.078840141    0.078839764
    4.764764765    0.080476172    0.080476060    0.080475689
    4.769769770    0.082024477    0.082024366    0.082024005
    4.774774775    0.083464347    0.083464239    0.083463890
    4.779779780    0.084777025    0.084776920    0.084776587
    4.784784785    0.085946758    0.085946657    0.085946342
    4.789789790    0.086961611    0.086961514    0.086961220
    4.794794795    0.087814073    0.087813980    0.087813710
    4.799799800    0.088501379    0.088501291    0.088501045
    4.804804805    0.089025513    0.089025430    0.089025209
    4.809809810    0.089392895    0.089392817    0.089392623
    4.814814815    0.089613814    0.089613741    0.089613573
    4.819819820    0.089701666    0.089701597    0.089701455
    4.824824825    0.089672100    0.089672036    0.089671920
    4.829829830    0.089542151    0.089542091    0.089541999
    4.834834835    0.089329402    0.089329346    0.089329277
    4.839839840    0.089051228    0.089051177    0.089051129
    4.844844845    0.088724105    0.088724058    0.088724029
    4.849849850    0.088362987    0.088362943    0.088362933
    4.854854855    0.087980740    0.087980700    0.087980707
    4.859859860    0.087587637    0.087587600    0.087587622
    4.864864865    0.087190922    0.087190889    0.087190925
    4.869869870    0.086794491    0.086794461    0.086794511
    4.874874875    0.086398717    0.086398690    0.086398753
    4.879879880    0.086000467    0.086000445    0.086000519
    4.884884885    0.085593350    0.085593331    0.085593418
    4.889889890    0.085168194    0.085168179    0.085168277
    4.894894895    0.084713759    0.084713748    0.084713857
    4.899899900    0.084217632    0.084217625    0.084217746
    4.904904905    0.083667246    0.083667244    0.083667376
    4.909909910    0.083050925    0.083050928    0.083051071
    4.914914915    0.082358861    0.082358869    0.082359022
    4.919919920    0.081583924    0.081583936    0.081584100
    4.924924925    0.080722225    0.080722242    0.080722416
    4.929929930    0.079773400    0.079773421    0.079773604
    4.934934935    0.078740582    0.078740607    0.078740798
    4.939939940    0.077630122    0.077630151    0.077630349
    4.944944945    0.076451084    0.076451116    0.076451320
    4.949949950    0.075214605    0.075214641    0.075214849
    4.954954955    0.073933197    0.073933235    0.073933446
    4.959959960    0.072620043    0.072620084    0.072620297
    4.964964965    0.071288371    0.071288413    0.071288627
    4.969969970    0.069950910    0.069950954    0.069951168
    4.974974975    0.068619495    0.068619540    0.068619752
    4.979979980    0.067304783    0.067304830    0.067305039
    4.984984985    0.066016118    0.066016165    0.066016370
    4.989989990    0.064761489    0.064761536    0.064761737
    4.994994995    0.063547589    0.063547636    0.063547832
    5.000000000    0.062379922    0.062379969    0.062380160
