# energy grid [eV]     epsi_x  epsi_y  epsi_z
#
    0.000000000    0.000000000    0.000000000    0.000000000
    0.005005005    0.000490140    0.000490140    0.000490139
    0.010010010    0.000980289    0.000980288    0.000980287
    0.015015015    0.001470454    0.001470454    0.001470452
    0.020020020    0.001960646    0.001960645    0.001960643
    0.025025025    0.002450871    0.002450871    0.002450867
    0.030030030    0.002941140    0.002941139    0.002941135
    0.035035035    0.003431460    0.003431459    0.003431454
    0.040040040    0.003921840    0.003921839    0.003921834
    0.045045045    0.004412288    0.004412288    0.004412282
    0.050050050    0.004902814    0.004902813    0.004902807
    0.055055055    0.005393426    0.005393425    0.005393417
    0.060060060    0.005884132    0.005884131    0.005884123
    0.065065065    0.006374941    0.006374940    0.006374931
    0.070070070    0.006865861    0.006865860    0.006865851
    0.075075075    0.007356902    0.007356901    0.007356891
    0.080080080    0.007848072    0.007848070    0.007848059
    0.085085085    0.008339379    0.008339377    0.008339365
    0.090090090    0.008830831    0.008830830    0.008830818
    0.095095095    0.009322439    0.009322437    0.009322425
    0.100100100    0.009814210    0.009814208    0.009814195
    0.105105105    0.010306153    0.010306151    0.010306137
    0.110110110    0.010798277    0.010798275    0.010798260
    0.115115115    0.011290590    0.011290587    0.011290572
    0.120120120    0.011783101    0.011783098    0.011783082
    0.125125125    0.012275818    0.012275816    0.012275799
    0.130130130    0.012768751    0.012768748    0.012768731
    0.135135135    0.013261908    0.013261905    0.013261887
    0.140140140    0.013755298    0.013755295    0.013755276
    0.145145145    0.014248929    0.014248926    0.014248907
    0.150150150    0.014742811    0.014742808    0.014742788
    0.155155155    0.015236951    0.015236948    0.015236927
    0.160160160    0.015731359    0.015731356    0.015731335
    0.165165165    0.016226044    0.016226041    0.016226019
    0.170170170    0.016721014    0.016721011    0.016720988
    0.175175175    0.017216279    0.017216275    0.017216252
    0.180180180    0.017711846    0.017711843    0.017711818
    0.185185185    0.018207725    0.018207722    0.018207697
    0.190190190    0.018703925    0.018703921    0.018703896
    0.195195195    0.019200454    0.019200450    0.019200424
    0.200200200    0.019697322    0.019697318    0.019697291
    0.205205205    0.020194537    0.020194533    0.020194505
    0.210210210    0.020692108    0.020692104    0.020692076
    0.215215215    0.021190044    0.021190040    0.021190011
    0.220220220    0.021688354    0.021688350    0.021688321
    0.225225225    0.022187048    0.022187043    0.022187013
    0.230230230    0.022686133    0.022686129    0.022686098
    0.235235235    0.023185620    0.023185615    0.023185584
    0.240240240    0.023685516    0.023685512    0.023685479
    0.245245245    0.024185832    0.024185827    0.024185794
    0.250250250    0.024686576    0.024686571    0.024686537
    0.255255255    0.025187757    0.025187752    0.025187718
    0.260260260    0.025689385    0.025689379    0.025689345
    0.265265265    0.026191468    0.026191462    0.026191427
    0.270270270    0.026694015    0.026694010    0.026693974
    0.275275275    0.027197037    0.027197031    0.027196995
    0.280280280    0.027700541    0.027700536    0.027700498
    0.285285285    0.028204538    0.028204533    0.028204494
    0.290290290    0.028709037    0.028709031    0.028708992
    0.295295295    0.029214046    0.029214040    0.029214000
    0.300300300    0.029719575    0.029719569    0.029719529
    0.305305305    0.030225634    0.030225628    0.030225587
    0.310310310    0.030732231    0.030732225    0.030732183
    0.315315315    0.031239376    0.031239370    0.031239328
    0.320320320    0.031747080    0.031747073    0.031747030
    0.325325325    0.032255350    0.032255343    0.032255300
    0.330330330    0.032764196    0.032764190    0.032764145
    0.335335335    0.033273628    0.033273622    0.033273577
    0.340340340    0.033783656    0.033783650    0.033783604
    0.345345345    0.034294289    0.034294282    0.034294236
    0.350350350    0.034805536    0.034805530    0.034805482
    0.355355355    0.035317408    0.035317401    0.035317353
    0.360360360    0.035829913    0.035829906    0.035829858
    0.365365365    0.036343062    0.036343055    0.036343006
    0.370370370    0.036856864    0.036856857    0.036856807
    0.375375375    0.037371329    0.037371322    0.037371271
    0.380380380    0.037886467    0.037886459    0.037886408
    0.385385385    0.038402287    0.038402279    0.038402227
    0.390390390    0.038918799    0.038918792    0.038918739
    0.395395395    0.039436014    0.039436006    0.039435953
    0.400400400    0.039953940    0.039953933    0.039953879
    0.405405405    0.040472589    0.040472582    0.040472527
    0.410410410    0.040991970    0.040991962    0.040991907
    0.415415415    0.041512093    0.041512085    0.041512029
    0.420420420    0.042032968    0.042032960    0.042032903
    0.425425425    0.042554605    0.042554597    0.042554540
    0.430430430    0.043077015    0.043077007    0.043076948
    0.435435435    0.043600207    0.043600199    0.043600140
    0.440440440    0.044124192    0.044124184    0.044124124
    0.445445445    0.044648980    0.044648971    0.044648911
    0.450450450    0.045174581    0.045174573    0.045174511
    0.455455455    0.045701006    0.045700997    0.045700935
    0.460460460    0.046228265    0.046228256    0.046228193
    0.465465465    0.046756368    0.046756359    0.046756296
    0.470470470    0.047285326    0.047285317    0.047285253
    0.475475475    0.047815150    0.047815140    0.047815076
    0.480480480    0.048345849    0.048345840    0.048345774
    0.485485485    0.048877435    0.048877426    0.048877360
    0.490490490    0.049409918    0.049409909    0.049409842
    0.495495495    0.049943309    0.049943300    0.049943232
    0.500500501    0.050477619    0.050477610    0.050477541
    0.505505506    0.051012858    0.051012849    0.051012780
    0.510510511    0.051549038    0.051549028    0.051548958
    0.515515516    0.052086168    0.052086158    0.052086088
    0.520520521    0.052624261    0.052624251    0.052624180
    0.525525526    0.053163327    0.053163317    0.053163245
    0.530530531    0.053703377    0.053703366    0.053703294
    0.535535536    0.054244422    0.054244411    0.054244338
    0.540540541    0.054786473    0.054786463    0.054786389
    0.545545546    0.055329542    0.055329532    0.055329457
    0.550550551    0.055873640    0.055873629    0.055873554
    0.555555556    0.056418777    0.056418767    0.056418691
    0.560560561    0.056964967    0.056964956    0.056964879
    0.565565566    0.057512219    0.057512208    0.057512130
    0.570570571    0.058060545    0.058060534    0.058060456
    0.575575576    0.058609957    0.058609946    0.058609867
    0.580580581    0.059160467    0.059160456    0.059160376
    0.585585586    0.059712086    0.059712075    0.059711994
    0.590590591    0.060264825    0.060264814    0.060264733
    0.595595596    0.060818697    0.060818686    0.060818604
    0.600600601    0.061373714    0.061373702    0.061373620
    0.605605606    0.061929887    0.061929875    0.061929792
    0.610610611    0.062487228    0.062487216    0.062487132
    0.615615616    0.063045749    0.063045737    0.063045652
    0.620620621    0.063605462    0.063605451    0.063605365
    0.625625626    0.064166380    0.064166368    0.064166282
    0.630630631    0.064728515    0.064728503    0.064728416
    0.635635636    0.065291879    0.065291867    0.065291779
    0.640640641    0.065856483    0.065856471    0.065856383
    0.645645646    0.066422342    0.066422330    0.066422241
    0.650650651    0.066989467    0.066989454    0.066989364
    0.655655656    0.067557870    0.067557858    0.067557767
    0.660660661    0.068127565    0.068127552    0.068127461
    0.665665666    0.068698564    0.068698551    0.068698459
    0.670670671    0.069270879    0.069270867    0.069270774
    0.675675676    0.069844524    0.069844512    0.069844418
    0.680680681    0.070419512    0.070419499    0.070419405
    0.685685686    0.070995855    0.070995842    0.070995747
    0.690690691    0.071573567    0.071573554    0.071573458
    0.695695696    0.072152661    0.072152648    0.072152551
    0.700700701    0.072733149    0.072733136    0.072733039
    0.705705706    0.073315046    0.073315033    0.073314935
    0.710710711    0.073898364    0.073898351    0.073898252
    0.715715716    0.074483118    0.074483104    0.074483004
    0.720720721    0.075069320    0.075069306    0.075069206
    0.725725726    0.075656984    0.075656970    0.075656869
    0.730730731    0.076246124    0.076246110    0.076246008
    0.735735736    0.076836753    0.076836740    0.076836637
    0.740740741    0.077428887    0.077428873    0.077428769
    0.745745746    0.078022537    0.078022523    0.078022419
    0.750750751    0.078617720    0.078617706    0.078617601
    0.755755756    0.079214448    0.079214433    0.079214328
    0.760760761    0.079812736    0.079812721    0.079812615
    0.765765766    0.080412598    0.080412583    0.080412476
    0.770770771    0.081014048    0.081014034    0.081013926
    0.775775776    0.081617102    0.081617088    0.081616979
    0.780780781    0.082221774    0.082221759    0.082221649
    0.785785786    0.082828078    0.082828063    0.082827952
    0.790790791    0.083436029    0.083436014    0.083435903
    0.795795796    0.084045642    0.084045627    0.084045515
    0.800800801    0.084656932    0.084656917    0.084656804
    0.805805806    0.085269914    0.085269899    0.085269785
    0.810810811    0.085884603    0.085884588    0.085884474
    0.815815816    0.086501015    0.086501000    0.086500885
    0.820820821    0.087119165    0.087119149    0.087119033
    0.825825826    0.087739068    0.087739052    0.087738936
    0.830830831    0.088360740    0.088360724    0.088360607
    0.835835836    0.088984196    0.088984181    0.088984062
    0.840840841    0.089609453    0.089609438    0.089609319
    0.845845846    0.090236527    0.090236511    0.090236391
    0.850850851    0.090865432    0.090865416    0.090865296
    0.855855856    0.091496186    0.091496170    0.091496049
    0.860860861    0.092128805    0.092128789    0.092128667
    0.865865866    0.092763305    0.092763289    0.092763166
    0.870870871    0.093399703    0.093399686    0.093399562
    0.875875876    0.094038014    0.094037998    0.094037873
    0.880880881    0.094678256    0.094678240    0.094678114
    0.885885886    0.095320446    0.095320430    0.095320303
    0.890890891    0.095964600    0.095964584    0.095964457
    0.895895896    0.096610736    0.096610720    0.096610592
    0.900900901    0.097258871    0.097258854    0.097258726
    0.905905906    0.097909022    0.097909005    0.097908876
    0.910910911    0.098561206    0.098561189    0.098561059
    0.915915916    0.099215442    0.099215425    0.099215294
    0.920920921    0.099871746    0.099871729    0.099871597
    0.925925926    0.100530137    0.100530120    0.100529987
    0.930930931    0.101190632    0.101190615    0.101190481
    0.935935936    0.101853250    0.101853233    0.101853098
    0.940940941    0.102518009    0.102517991    0.102517856
    0.945945946    0.103184927    0.103184909    0.103184773
    0.950950951    0.103854022    0.103854005    0.103853868
    0.955955956    0.104525314    0.104525297    0.104525159
    0.960960961    0.105198821    0.105198803    0.105198665
    0.965965966    0.105874562    0.105874544    0.105874405
    0.970970971    0.106552556    0.106552538    0.106552398
    0.975975976    0.107232823    0.107232805    0.107232663
    0.980980981    0.107915381    0.107915362    0.107915220
    0.985985986    0.108600250    0.108600231    0.108600088
    0.990990991    0.109287449    0.109287431    0.109287287
    0.995995996    0.109977000    0.109976981    0.109976837
    1.001001001    0.110668921    0.110668902    0.110668757
    1.006006006    0.111363232    0.111363214    0.111363067
    1.011011011    0.112059955    0.112059936    0.112059789
    1.016016016    0.112759109    0.112759090    0.112758942
    1.021021021    0.113460715    0.113460696    0.113460547
    1.026026026    0.114164793    0.114164774    0.114164625
    1.031031031    0.114871366    0.114871347    0.114871196
    1.036036036    0.115580453    0.115580434    0.115580282
    1.041041041    0.116292076    0.116292056    0.116291904
    1.046046046    0.117006256    0.117006237    0.117006084
    1.051051051    0.117723016    0.117722997    0.117722842
    1.056056056    0.118442376    0.118442357    0.118442202
    1.061061061    0.119164360    0.119164340    0.119164184
    1.066066066    0.119888988    0.119888968    0.119888812
    1.071071071    0.120616284    0.120616264    0.120616106
    1.076076076    0.121346269    0.121346249    0.121346091
    1.081081081    0.122078967    0.122078947    0.122078788
    1.086086086    0.122814401    0.122814381    0.122814220
    1.091091091    0.123552593    0.123552573    0.123552411
    1.096096096    0.124293566    0.124293546    0.124293384
    1.101101101    0.125037345    0.125037325    0.125037162
    1.106106106    0.125783953    0.125783933    0.125783769
    1.111111111    0.126533414    0.126533394    0.126533229
    1.116116116    0.127285752    0.127285731    0.127285565
    1.121121121    0.128040990    0.128040970    0.128040803
    1.126126126    0.128799155    0.128799134    0.128798966
    1.131131131    0.129560269    0.129560249    0.129560080
    1.136136136    0.130324359    0.130324338    0.130324169
    1.141141141    0.131091449    0.131091428    0.131091258
    1.146146146    0.131861565    0.131861544    0.131861373
    1.151151151    0.132634732    0.132634711    0.132634539
    1.156156156    0.133410976    0.133410955    0.133410782
    1.161161161    0.134190324    0.134190302    0.134190128
    1.166166166    0.134972800    0.134972779    0.134972604
    1.171171171    0.135758432    0.135758411    0.135758235
    1.176176176    0.136547247    0.136547226    0.136547048
    1.181181181    0.137339271    0.137339250    0.137339071
    1.186186186    0.138134531    0.138134510    0.138134331
    1.191191191    0.138933056    0.138933035    0.138932854
    1.196196196    0.139734872    0.139734851    0.139734670
    1.201201201    0.140540008    0.140539987    0.140539805
    1.206206206    0.141348492    0.141348470    0.141348287
    1.211211211    0.142160352    0.142160330    0.142160146
    1.216216216    0.142975616    0.142975594    0.142975409
    1.221221221    0.143794315    0.143794293    0.143794107
    1.226226226    0.144616476    0.144616454    0.144616267
    1.231231231    0.145442130    0.145442108    0.145441920
    1.236236236    0.146271307    0.146271284    0.146271096
    1.241241241    0.147104035    0.147104013    0.147103823
    1.246246246    0.147940346    0.147940324    0.147940133
    1.251251251    0.148780271    0.148780248    0.148780056
    1.256256256    0.149623839    0.149623817    0.149623624
    1.261261261    0.150471082    0.150471060    0.150470866
    1.266266266    0.151322033    0.151322010    0.151321815
    1.271271271    0.152176721    0.152176699    0.152176502
    1.276276276    0.153035180    0.153035157    0.153034960
    1.281281281    0.153897442    0.153897419    0.153897221
    1.286286286    0.154763539    0.154763516    0.154763317
    1.291291291    0.155633505    0.155633482    0.155633282
    1.296296296    0.156507372    0.156507349    0.156507148
    1.301301301    0.157385175    0.157385152    0.157384950
    1.306306306    0.158266947    0.158266924    0.158266720
    1.311311311    0.159152722    0.159152699    0.159152495
    1.316316316    0.160042536    0.160042512    0.160042307
    1.321321321    0.160936422    0.160936399    0.160936192
    1.326326326    0.161834417    0.161834393    0.161834186
    1.331331331    0.162736555    0.162736532    0.162736323
    1.336336336    0.163642874    0.163642850    0.163642641
    1.341341341    0.164553408    0.164553385    0.164553174
    1.346346346    0.165468196    0.165468172    0.165467960
    1.351351351    0.166387273    0.166387249    0.166387036
    1.356356356    0.167310678    0.167310654    0.167310440
    1.361361361    0.168238447    0.168238423    0.168238208
    1.366366366    0.169170620    0.169170596    0.169170379
    1.371371371    0.170107234    0.170107210    0.170106993
    1.376376376    0.171048329    0.171048305    0.171048086
    1.381381381    0.171993944    0.171993920    0.171993700
    1.386386386    0.172944118    0.172944094    0.172943874
    1.391391391    0.173898893    0.173898869    0.173898647
    1.396396396    0.174858307    0.174858283    0.174858060
    1.401401401    0.175822403    0.175822379    0.175822155
    1.406406406    0.176791222    0.176791197    0.176790972
    1.411411411    0.177764805    0.177764780    0.177764554
    1.416416416    0.178743194    0.178743169    0.178742942
    1.421421421    0.179726433    0.179726408    0.179726179
    1.426426426    0.180714564    0.180714539    0.180714309
    1.431431431    0.181707630    0.181707606    0.181707374
    1.436436436    0.182705677    0.182705652    0.182705420
    1.441441441    0.183708748    0.183708723    0.183708490
    1.446446446    0.184716888    0.184716863    0.184716629
    1.451451451    0.185730143    0.185730118    0.185729882
    1.456456456    0.186748559    0.186748534    0.186748296
    1.461461461    0.187772181    0.187772156    0.187771917
    1.466466466    0.188801057    0.188801032    0.188800792
    1.471471471    0.189835234    0.189835209    0.189834968
    1.476476476    0.190874760    0.190874735    0.190874493
    1.481481481    0.191919683    0.191919658    0.191919415
    1.486486486    0.192970053    0.192970028    0.192969783
    1.491491491    0.194025918    0.194025893    0.194025647
    1.496496496    0.195087329    0.195087304    0.195087057
    1.501501502    0.196154336    0.196154311    0.196154063
    1.506506507    0.197226991    0.197226965    0.197226716
    1.511511512    0.198305344    0.198305318    0.198305067
    1.516516517    0.199389448    0.199389422    0.199389170
    1.521521522    0.200479356    0.200479330    0.200479077
    1.526526527    0.201575120    0.201575095    0.201574840
    1.531531532    0.202676796    0.202676771    0.202676515
    1.536536537    0.203784438    0.203784412    0.203784155
    1.541541542    0.204898100    0.204898074    0.204897816
    1.546546547    0.206017839    0.206017813    0.206017553
    1.551551552    0.207143710    0.207143684    0.207143423
    1.556556557    0.208275771    0.208275745    0.208275483
    1.561561562    0.209414080    0.209414054    0.209413790
    1.566566567    0.210558695    0.210558669    0.210558404
    1.571571572    0.211709674    0.211709648    0.211709382
    1.576576577    0.212867078    0.212867052    0.212866784
    1.581581582    0.214030966    0.214030940    0.214030671
    1.586586587    0.215201401    0.215201375    0.215201104
    1.591591592    0.216378443    0.216378416    0.216378145
    1.596596597    0.217562155    0.217562128    0.217561855
    1.601601602    0.218752600    0.218752573    0.218752299
    1.606606607    0.219949842    0.219949815    0.219949539
    1.611611612    0.221153945    0.221153919    0.221153641
    1.616616617    0.222364976    0.222364949    0.222364671
    1.621621622    0.223583000    0.223582973    0.223582693
    1.626626627    0.224808084    0.224808057    0.224807775
    1.631631632    0.226040295    0.226040269    0.226039986
    1.636636637    0.227279704    0.227279677    0.227279393
    1.641641642    0.228526378    0.228526351    0.228526065
    1.646646647    0.229780388    0.229780361    0.229780074
    1.651651652    0.231041805    0.231041778    0.231041489
    1.656656657    0.232310700    0.232310674    0.232310383
    1.661661662    0.233587148    0.233587121    0.233586829
    1.666666667    0.234871220    0.234871193    0.234870900
    1.671671672    0.236162992    0.236162965    0.236162670
    1.676676677    0.237462539    0.237462512    0.237462216
    1.681681682    0.238769938    0.238769911    0.238769613
    1.686686687    0.240085265    0.240085238    0.240084939
    1.691691692    0.241408599    0.241408572    0.241408271
    1.696696697    0.242740019    0.242739992    0.242739690
    1.701701702    0.244079605    0.244079578    0.244079274
    1.706706707    0.245427439    0.245427412    0.245427106
    1.711711712    0.246783602    0.246783575    0.246783268
    1.716716717    0.248148178    0.248148151    0.248147842
    1.721721722    0.249521251    0.249521224    0.249520913
    1.726726727    0.250902906    0.250902878    0.250902566
    1.731731732    0.252293229    0.252293202    0.252292888
    1.736736737    0.253692309    0.253692281    0.253691966
    1.741741742    0.255100233    0.255100205    0.255099889
    1.746746747    0.256517091    0.256517064    0.256516745
    1.751751752    0.257942974    0.257942947    0.257942627
    1.756756757    0.259377975    0.259377948    0.259377626
    1.761761762    0.260822186    0.260822158    0.260821835
    1.766766767    0.262275701    0.262275674    0.262275349
    1.771771772    0.263738617    0.263738590    0.263738263
    1.776776777    0.265211030    0.265211003    0.265210674
    1.781781782    0.266693038    0.266693011    0.266692681
    1.786786787    0.268184741    0.268184714    0.268184382
    1.791791792    0.269686239    0.269686212    0.269685878
    1.796796797    0.271197635    0.271197608    0.271197272
    1.801801802    0.272719032    0.272719004    0.272718667
    1.806806807    0.274250534    0.274250507    0.274250167
    1.811811812    0.275792248    0.275792220    0.275791879
    1.816816817    0.277344281    0.277344254    0.277343911
    1.821821822    0.278906742    0.278906715    0.278906370
    1.826826827    0.280479743    0.280479715    0.280479369
    1.831831832    0.282063394    0.282063367    0.282063018
    1.836836837    0.283657809    0.283657782    0.283657432
    1.841841842    0.285263104    0.285263077    0.285262725
    1.846846847    0.286879395    0.286879368    0.286879014
    1.851851852    0.288506800    0.288506773    0.288506417
    1.856856857    0.290145439    0.290145412    0.290145054
    1.861861862    0.291795433    0.291795406    0.291795046
    1.866866867    0.293456907    0.293456879    0.293456518
    1.871871872    0.295129983    0.295129956    0.295129592
    1.876876877    0.296814790    0.296814763    0.296814397
    1.881881882    0.298511456    0.298511429    0.298511061
    1.886886887    0.300220111    0.300220083    0.300219714
    1.891891892    0.301940886    0.301940859    0.301940487
    1.896896897    0.303673916    0.303673889    0.303673515
    1.901901902    0.305419337    0.305419310    0.305418934
    1.906906907    0.307177286    0.307177259    0.307176881
    1.911911912    0.308947903    0.308947876    0.308947496
    1.916916917    0.310731331    0.310731304    0.310730922
    1.921921922    0.312527712    0.312527685    0.312527300
    1.926926927    0.314337192    0.314337165    0.314336779
    1.931931932    0.316159920    0.316159893    0.316159505
    1.936936937    0.317996046    0.317996019    0.317995628
    1.941941942    0.319845722    0.319845695    0.319845302
    1.946946947    0.321709102    0.321709075    0.321708680
    1.951951952    0.323586344    0.323586317    0.323585920
    1.956956957    0.325477607    0.325477580    0.325477180
    1.961961962    0.327383052    0.327383025    0.327382623
    1.966966967    0.329302843    0.329302816    0.329302412
    1.971971972    0.331237147    0.331237120    0.331236714
    1.976976977    0.333186132    0.333186106    0.333185697
    1.981981982    0.335149971    0.335149944    0.335149534
    1.986986987    0.337128837    0.337128810    0.337128397
    1.991991992    0.339122907    0.339122880    0.339122465
    1.996996997    0.341132361    0.341132334    0.341131916
    2.002002002    0.343157380    0.343157353    0.343156933
    2.007007007    0.345198150    0.345198123    0.345197700
    2.012012012    0.347254858    0.347254832    0.347254406
    2.017017017    0.349327696    0.349327669    0.349327242
    2.022022022    0.351416857    0.351416830    0.351416400
    2.027027027    0.353522538    0.353522511    0.353522079
    2.032032032    0.355644938    0.355644912    0.355644477
    2.037037037    0.357784262    0.357784236    0.357783798
    2.042042042    0.359940715    0.359940689    0.359940248
    2.047047047    0.362114507    0.362114480    0.362114037
    2.052052052    0.364305850    0.364305824    0.364305378
    2.057057057    0.366514961    0.366514935    0.366514487
    2.062062062    0.368742060    0.368742035    0.368741584
    2.067067067    0.370987371    0.370987345    0.370986891
    2.072072072    0.373251119    0.373251094    0.373250637
    2.077077077    0.375533537    0.375533512    0.375533052
    2.082082082    0.377834858    0.377834833    0.377834371
    2.087087087    0.380155321    0.380155296    0.380154831
    2.092092092    0.382495168    0.382495143    0.382494675
    2.097097097    0.384854646    0.384854620    0.384854150
    2.102102102    0.387234004    0.387233979    0.387233506
    2.107107107    0.389633498    0.389633473    0.389632997
    2.112112112    0.392053386    0.392053362    0.392052882
    2.117117117    0.394493933    0.394493908    0.394493426
    2.122122122    0.396955404    0.396955380    0.396954894
    2.127127127    0.399438074    0.399438049    0.399437561
    2.132132132    0.401942218    0.401942194    0.401941702
    2.137137137    0.404468119    0.404468095    0.404467600
    2.142142142    0.407016063    0.407016039    0.407015541
    2.147147147    0.409586342    0.409586318    0.409585817
    2.152152152    0.412179252    0.412179228    0.412178725
    2.157157157    0.414795096    0.414795072    0.414794565
    2.162162162    0.417434180    0.417434157    0.417433647
    2.167167167    0.420096818    0.420096794    0.420096281
    2.172172172    0.422783327    0.422783303    0.422782786
    2.177177177    0.425494031    0.425494007    0.425493487
    2.182182182    0.428229260    0.428229236    0.428228713
    2.187187187    0.430989349    0.430989326    0.430988799
    2.192192192    0.433774640    0.433774617    0.433774087
    2.197197197    0.436585481    0.436585458    0.436584925
    2.202202202    0.439422227    0.439422204    0.439421667
    2.207207207    0.442285237    0.442285214    0.442284673
    2.212212212    0.445174879    0.445174857    0.445174312
    2.217217217    0.448091528    0.448091506    0.448090958
    2.222222222    0.451035565    0.451035543    0.451034991
    2.227227227    0.454007377    0.454007355    0.454006799
    2.232232232    0.457007360    0.457007339    0.457006779
    2.237237237    0.460035918    0.460035897    0.460035334
    2.242242242    0.463093461    0.463093440    0.463092873
    2.247247247    0.466180408    0.466180387    0.466179816
    2.252252252    0.469297185    0.469297164    0.469296589
    2.257257257    0.472444227    0.472444206    0.472443627
    2.262262262    0.475621977    0.475621956    0.475621374
    2.267267267    0.478830887    0.478830866    0.478830280
    2.272272272    0.482071417    0.482071397    0.482070806
    2.277277277    0.485344038    0.485344018    0.485343423
    2.282282282    0.488649228    0.488649208    0.488648609
    2.287287287    0.491987476    0.491987456    0.491986853
    2.292292292    0.495359280    0.495359261    0.495358653
    2.297297297    0.498765148    0.498765129    0.498764517
    2.302302302    0.502205600    0.502205581    0.502204964
    2.307307307    0.505681163    0.505681144    0.505680524
    2.312312312    0.509192378    0.509192360    0.509191734
    2.317317317    0.512739796    0.512739778    0.512739148
    2.322322322    0.516323979    0.516323961    0.516323326
    2.327327327    0.519945501    0.519945483    0.519944844
    2.332332332    0.523604947    0.523604930    0.523604286
    2.337337337    0.527302917    0.527302900    0.527302251
    2.342342342    0.531040020    0.531040003    0.531039350
    2.347347347    0.534816881    0.534816865    0.534816206
    2.352352352    0.538634137    0.538634120    0.538633457
    2.357357357    0.542492437    0.542492421    0.542491753
    2.362362362    0.546392448    0.546392432    0.546391758
    2.367367367    0.550334847    0.550334832    0.550334153
    2.372372372    0.554320329    0.554320314    0.554319630
    2.377377377    0.558349604    0.558349589    0.558348900
    2.382382382    0.562423395    0.562423380    0.562422686
    2.387387387    0.566542443    0.566542429    0.566541729
    2.392392392    0.570707506    0.570707492    0.570706787
    2.397397397    0.574919358    0.574919345    0.574918634
    2.402402402    0.579178792    0.579178778    0.579178062
    2.407407407    0.583486615    0.583486603    0.583485880
    2.412412412    0.587843658    0.587843646    0.587842918
    2.417417417    0.592250767    0.592250755    0.592250021
    2.422422422    0.596708809    0.596708798    0.596708058
    2.427427427    0.601218672    0.601218661    0.601217914
    2.432432432    0.605781262    0.605781251    0.605780499
    2.437437437    0.610397510    0.610397499    0.610396741
    2.442442442    0.615068366    0.615068355    0.615067591
    2.447447447    0.619794804    0.619794794    0.619794023
    2.452452452    0.624577821    0.624577812    0.624577034
    2.457457457    0.629418440    0.629418431    0.629417647
    2.462462462    0.634317705    0.634317697    0.634316906
    2.467467467    0.639276690    0.639276682    0.639275884
    2.472472472    0.644296491    0.644296483    0.644295679
    2.477477477    0.649378234    0.649378227    0.649377415
    2.482482482    0.654523073    0.654523066    0.654522248
    2.487487487    0.659732190    0.659732184    0.659731358
    2.492492492    0.665006797    0.665006791    0.665005958
    2.497497497    0.670348137    0.670348132    0.670347291
    2.502502503    0.675757485    0.675757481    0.675756633
    2.507507508    0.681236150    0.681236146    0.681235291
    2.512512513    0.686785473    0.686785469    0.686784606
    2.517517518    0.692406830    0.692406827    0.692405956
    2.522522523    0.698101635    0.698101632    0.698100753
    2.527527528    0.703871338    0.703871336    0.703870449
    2.532532533    0.709717429    0.709717428    0.709716533
    2.537537538    0.715641437    0.715641437    0.715640533
    2.542542543    0.721644934    0.721644934    0.721644021
    2.547547548    0.727729531    0.727729532    0.727728611
    2.552552553    0.733896889    0.733896890    0.733895961
    2.557557558    0.740148710    0.740148712    0.740147773
    2.562562563    0.746486746    0.746486748    0.746485801
    2.567567568    0.752912797    0.752912801    0.752911844
    2.572572573    0.759428716    0.759428720    0.759427754
    2.577577578    0.766036407    0.766036411    0.766035436
    2.582582583    0.772737828    0.772737834    0.772736848
    2.587587588    0.779534996    0.779535002    0.779534008
    2.592592593    0.786429986    0.786429993    0.786428988
    2.597597598    0.793424933    0.793424941    0.793423926
    2.602602603    0.800522036    0.800522045    0.800521019
    2.607607608    0.807723561    0.807723570    0.807722534
    2.612612613    0.815031840    0.815031850    0.815030803
    2.617617618    0.822449277    0.822449288    0.822448230
    2.622622623    0.829978349    0.829978361    0.829977293
    2.627627628    0.837621612    0.837621624    0.837620545
    2.632632633    0.845381697    0.845381710    0.845380619
    2.637637638    0.853261321    0.853261336    0.853260233
    2.642642643    0.861263287    0.861263302    0.861262187
    2.647647648    0.869390485    0.869390501    0.869389374
    2.652652653    0.877645900    0.877645917    0.877644778
    2.657657658    0.886032614    0.886032632    0.886031480
    2.662662663    0.894553809    0.894553828    0.894552664
    2.667667668    0.903212772    0.903212792    0.903211615
    2.672672673    0.912012901    0.912012922    0.912011732
    2.677677678    0.920957707    0.920957730    0.920956526
    2.682682683    0.930050821    0.930050844    0.930049627
    2.687687688    0.939295997    0.939296022    0.939294790
    2.692692693    0.948697121    0.948697147    0.948695901
    2.697697698    0.958258212    0.958258239    0.958256978
    2.702702703    0.967983432    0.967983460    0.967982185
    2.707707708    0.977877092    0.977877121    0.977875830
    2.712712713    0.987943654    0.987943685    0.987942379
    2.717717718    0.998187747    0.998187778    0.998186457
    2.722722723    1.008614164    1.008614197    1.008612859
    2.727727728    1.019227879    1.019227914    1.019226559
    2.732732733    1.030034050    1.030034086    1.030032715
    2.737737738    1.041038029    1.041038066    1.041036678
    2.742742743    1.052245373    1.052245412    1.052244006
    2.747747748    1.063661852    1.063661892    1.063660469
    2.752752753    1.075293460    1.075293501    1.075292060
    2.757757758    1.087146426    1.087146469    1.087145009
    2.762762763    1.099227227    1.099227271    1.099225792
    2.767767768    1.111542599    1.111542645    1.111541147
    2.772772773    1.124099551    1.124099599    1.124098081
    2.777777778    1.136905380    1.136905430    1.136903892
    2.782782783    1.149967684    1.149967736    1.149966177
    2.787787788    1.163294379    1.163294432    1.163292852
    2.792792793    1.176893716    1.176893771    1.176892169
    2.797797798    1.190774299    1.190774356    1.190772732
    2.802802803    1.204945104    1.204945163    1.204943517
    2.807807808    1.219415501    1.219415562    1.219413893
    2.812812813    1.234195274    1.234195337    1.234193644
    2.817817818    1.249294644    1.249294709    1.249292991
    2.822822823    1.264724295    1.264724362    1.264722620
    2.827827828    1.280495402    1.280495471    1.280493703
    2.832832833    1.296619656    1.296619727    1.296617934
    2.837837838    1.313109296    1.313109371    1.313107550
    2.842842843    1.329977145    1.329977221    1.329975374
    2.847847848    1.347236637    1.347236716    1.347234840
    2.852852853    1.364901861    1.364901943    1.364900038
    2.857857858    1.382987599    1.382987683    1.382985749
    2.862862863    1.401509367    1.401509454    1.401507490
    2.867867868    1.420483464    1.420483554    1.420481559
    2.872872873    1.439927017    1.439927110    1.439925083
    2.877877878    1.459858039    1.459858135    1.459856075
    2.882882883    1.480295480    1.480295579    1.480293486
    2.887887888    1.501259293    1.501259395    1.501257268
    2.892892893    1.522770495    1.522770600    1.522768438
    2.897897898    1.544851240    1.544851349    1.544849151
    2.902902903    1.567524893    1.567525005    1.567522770
    2.907907908    1.590816110    1.590816226    1.590813952
    2.912912913    1.614750926    1.614751046    1.614748733
    2.917917918    1.639356849    1.639356972    1.639354619
    2.922922923    1.664662954    1.664663081    1.664660687
    2.927927928    1.690699997    1.690700129    1.690697692
    2.932932933    1.717500526    1.717500661    1.717498181
    2.937937938    1.745098999    1.745099139    1.745096613
    2.942942943    1.773531920    1.773532065    1.773529492
    2.947947948    1.802837975    1.802838124    1.802835504
    2.952952953    1.833058175    1.833058329    1.833055660
    2.957957958    1.864236018    1.864236177    1.864233457
    2.962962963    1.896417645    1.896417809    1.896415037
    2.967967968    1.929652013    1.929652183    1.929649357
    2.972972973    1.963991076    1.963991252    1.963988370
    2.977977978    1.999489961    1.999490143    1.999487204
    2.982982983    2.036207160    2.036207348    2.036204349
    2.987987988    2.074204710    2.074204905    2.074201845
    2.992992993    2.113548386    2.113548587    2.113545464
    2.997997998    2.154307867    2.154308076    2.154304888
    3.003003003    2.196556904    2.196557120    2.196553865
    3.008008008    2.240373455    2.240373678    2.240370353
    3.013013013    2.285839789    2.285840020    2.285836623
    3.018018018    2.333042543    2.333042783    2.333039312
    3.023023023    2.382072715    2.382072963    2.382069415
    3.028028028    2.433025565    2.433025822    2.433022194
    3.033033033    2.486000406    2.486000672    2.485996962
    3.038038038    2.541100248    2.541100525    2.541096730
    3.043043043    2.598431259    2.598431546    2.598427662
    3.048048048    2.658101982    2.658102280    2.658098305
    3.053053053    2.720222284    2.720222592    2.720218523
    3.058058058    2.784901934    2.784902254    2.784898088
    3.063063063    2.852248788    2.852249120    2.852244852
    3.068068068    2.922366463    2.922366807    2.922362435
    3.073073073    2.995351468    2.995351824    2.995347345
    3.078078078    3.071289701    3.071290070    3.071285479
    3.083083083    3.150252286    3.150252667    3.150247961
    3.088088088    3.232290719    3.232291114    3.232286289
    3.093093093    3.317431396    3.317431804    3.317426857
    3.098098098    3.405669611    3.405670031    3.405664958
    3.103103103    3.496963287    3.496963720    3.496958518
    3.108108108    3.591226809    3.591227253    3.591221918
    3.113113113    3.688325488    3.688325942    3.688320471
    3.118118118    3.788071410    3.788071874    3.788066264
    3.123123123    3.890221561    3.890222033    3.890216280
    3.128128128    3.994479256    3.994479733    3.994473835
    3.133133133    4.100499944    4.100500426    4.100494378
    3.138138138    4.207902317    4.207902800    4.207896600
    3.143143143    4.316285308    4.316285790    4.316279432
    3.148148148    4.425251006    4.425251485    4.425244964
    3.153153153    4.534432721    4.534433193    4.534426504
    3.158158158    4.643526510    4.643526973    4.643520109
    3.163163163    4.752323647    4.752324098    4.752317050
    3.168168168    4.860740850    4.860741287    4.860734044
    3.173173173    4.968844956    4.968845378    4.968837928
    3.178178178    5.076869102    5.076869507    5.076861837
    3.183183183    5.185218450    5.185218836    5.185210930
    3.188188188    5.294464860    5.294465228    5.294457067
    3.193193193    5.405331416    5.405331765    5.405323331
    3.198198198    5.518668992    5.518669321    5.518660593
    3.203203203    5.635427908    5.635428219    5.635419174
    3.208208208    5.756627982    5.756628275    5.756618892
    3.213213213    5.883329994    5.883330270    5.883320524
    3.218218218    6.016610862    6.016611122    6.016600989
    3.223223223    6.157543943    6.157544186    6.157533641
    3.228228228    6.307184930    6.307185158    6.307174174
    3.233233233    6.466563086    6.466563299    6.466551849
    3.238238238    6.636676942    6.636677140    6.636665196
    3.243243243    6.818493323    6.818493507    6.818481040
    3.248248248    7.012948391    7.012948561    7.012935539
    3.253253253    7.220949398    7.220949555    7.220935945
    3.258258258    7.443375955    7.443376100    7.443361868
    3.263263263    7.681079695    7.681079829    7.681064936
    3.268268268    7.934881358    7.934881483    7.934865890
    3.273273273    8.205564404    8.205564523    8.205548186
    3.278278278    8.493864331    8.493864447    8.493847320
    3.283283283    8.800452948    8.800453067    8.800435098
    3.288288288    9.125916898    9.125917028    9.125898162
    3.293293293    9.470729825    9.470729973    9.470710150
    3.298298298    9.835217702    9.835217883    9.835197037
    3.303303303   10.219517092   10.219517319   10.219495379
    3.308308308   10.623526409   10.623526702   10.623503591
    3.313313313   11.046850798   11.046851180   11.046826815
    3.318318318   11.488741866   11.488742364   11.488716656
    3.323323323   11.948034346   11.948034993   11.948007845
    3.328328328   12.423082751   12.423083585   12.423054897
    3.333333333   12.911702108   12.911703174   12.911672839
    3.338338338   13.411117867   13.411119213   13.411087121
    3.343343343   13.917930894   13.917932573   13.917898616
    3.348348348   14.428103940   14.428106007   14.428070077
    3.353353353   14.936975837   14.936978352   14.936940345
    3.358358358   15.439308966   15.439311985   15.439271810
    3.363363363   15.929373920   15.929377498   15.929335077
    3.368368368   16.401073005   16.401077191   16.401032467
    3.373373373   16.848101143   16.848105977   16.848058918
    3.378378378   17.264139198   17.264144710   17.264095313
    3.383383383   17.643071020   17.643077227   17.643025525
    3.388388388   17.979212052   17.979218957   17.979165018
    3.393393393   18.267534749   18.267542338   18.267486270
    3.398398398   18.503874981   18.503883224   18.503825174
    3.403403403   18.685104431   18.685113283   18.685053433
    3.408408408   18.809256894   18.809266298   18.809204862
    3.413413413   18.875600896   18.875610781   18.875548001
    3.418418418   18.884656339   18.884666625   18.884602767
    3.423423423   18.838157885   18.838168486   18.838103830
    3.428428428   18.738971528   18.738982352   18.738917188
    3.433433433   18.590972877   18.590983831   18.590918454
    3.438438438   18.398896204   18.398907193   18.398841896
    3.443443443   18.168162750   18.168173684   18.168108749
    3.448448448   17.904696005   17.904706795   17.904642494
    3.453453453   17.614731050   17.614741614   17.614678199
    3.458458458   17.304624927   17.304635188   17.304572892
    3.463463463   16.980675072   16.980684960   16.980623989
    3.468468468   16.648952824   16.648962276   16.648902809
    3.473473473   16.315158448   16.315167412   16.315109598
    3.478478478   15.984502814   15.984511243   15.984455201
    3.483483483   15.661618880   15.661626736   15.661572559
    3.488488488   15.350503834   15.350511088   15.350458837
    3.493493493   15.054490465   15.054497092   15.054446808
    3.498498498   14.776244550   14.776250534   14.776202232
    3.503503504   14.517783966   14.517789296   14.517742974
    3.508508509   14.280514927   14.280519596   14.280475239
    3.513513514   14.065281135   14.065285142   14.065242722
    3.518518519   13.872422474   13.872425824   13.872385304
    3.523523524   13.701840891   13.701843589   13.701804932
    3.528528529   13.553072006   13.553074065   13.553037228
    3.533533534   13.425361587   13.425363023   13.425327967
    3.538538539   13.317746018   13.317746850   13.317713536
    3.543543544   13.229135383   13.229135638   13.229104033
    3.548548549   13.158396781   13.158396487   13.158366561
    3.553553554   13.104434164   13.104433356   13.104405085
    3.558558559   13.066259893   13.066258610   13.066231976
    3.563563564   13.043052505   13.043050791   13.043025776
    3.568568569   13.034195403   13.034193304   13.034169898
    3.573573574   13.039292410   13.039289976   13.039268172
    3.578578579   13.058158224   13.058155507   13.058135297
    3.583583584   13.090784472   13.090781522   13.090762902
    3.588588589   13.137284753   13.137281621   13.137264588
    3.593593594   13.197824259   13.197820992   13.197805544
    3.598598599   13.272540907   13.272537550   13.272523685
    3.603603604   13.361465380   13.361461973   13.361449692
    3.608608609   13.464447059   13.464443638   13.464432941
    3.613613614   13.581091912   13.581088508   13.581079396
    3.618618619   13.710717174   13.710713814   13.710706288
    3.623623624   13.852326344   13.852323050   13.852317112
    3.628628629   14.004606644   14.004603434   14.004599086
    3.633633634   14.165949659   14.165946546   14.165943789
    3.638638639   14.334494232   14.334491229   14.334490060
    3.643643644   14.508188971   14.508186086   14.508186500
    3.648648649   14.684869899   14.684867141   14.684869124
    3.653653654   14.862347376   14.862344751   14.862348286
    3.658658659   15.038495586   15.038493100   15.038498159
    3.663663664   15.211338117   15.211335776   15.211342319
    3.668668669   15.379124447   15.379122259   15.379130235
    3.673673674   15.540394244   15.540392217   15.540401561
    3.678678679   15.694028707   15.694026851   15.694037483
    3.683683684   15.839289989   15.839288318   15.839300146
    3.688688689   15.975850455   15.975848983   15.975861902
    3.693693694   16.103812869   16.103811614   16.103825508
    3.698698699   16.223720972   16.223719956   16.223734699
    3.703703704   16.336557894   16.336557140   16.336572600
    3.708708709   16.443728397   16.443727933   16.443743975
    3.713713714   16.547020841   16.547020695   16.547037186
    3.718718719   16.648546140   16.648546342   16.648563152
    3.723723724   16.750653804   16.750654384   16.750671389
    3.728728729   16.855828607   16.855829594   16.855846680
    3.733733734   16.966574711   16.966576134   16.966593198
    3.738738739   17.085296397   17.085298281   17.085315231
    3.743743744   17.214185486   17.214187853   17.214204611
    3.748748749   17.355125020   17.355127887   17.355144387
    3.753753754   17.509617006   17.509620386   17.509636573
    3.758758759   17.678739480   17.678743379   17.678759211
    3.763763764   17.863135107   17.863139528   17.863154971
    3.768768769   18.063030366   18.063035304   18.063050335
    3.773773774   18.278281134   18.278286580   18.278301182
    3.778778779   18.508437475   18.508443413   18.508457580
    3.783783784   18.752817843   18.752824254   18.752837984
    3.788788789   19.010581149   19.010588007   19.010601304
    3.793793794   19.280784773   19.280792053   19.280804925
    3.798798799   19.562418032   19.562425704   19.562438161
    3.803803804   19.854403998   19.854412033   19.854424084
    3.808808809   20.155567814   20.155576183   20.155587833
    3.813813814   20.464575865   20.464584540   20.464595787
    3.818818819   20.779856428   20.779865384   20.779876215
    3.823823824   21.099517549   21.099526762   21.099537151
    3.828828829   21.421280716   21.421290167   21.421300071
    3.833833834   21.742448963   21.742458634   21.742467995
    3.838838839   22.059924894   22.059934769   22.059943509
    3.843843844   22.370288099   22.370298163   22.370306192
    3.848848849   22.669933211   22.669943447   22.669950661
    3.853853854   22.955260330   22.955270722   22.955277010
    3.858858859   23.222900327   23.222910855   23.222916103
    3.863863864   23.469950133   23.469960772   23.469964870
    3.868868869   23.694189200   23.694199923   23.694202772
    3.873873874   23.894249045   23.894259816   23.894261331
    3.878878879   24.069713272   24.069724052   24.069724169
    3.883883884   24.221135074   24.221145819   24.221144494
    3.888888889   24.349970829   24.349981491   24.349978705
    3.893893894   24.458439877   24.458450402   24.458446158
    3.898898899   24.549329567   24.549339902   24.549334224
    3.903903904   24.625769787   24.625779876   24.625772808
    3.908908909   24.691002012   24.691011800   24.691003399
    3.913913914   24.748165053   24.748174484   24.748164819
    3.918918919   24.800114389   24.800123412   24.800112557
    3.923923924   24.849285740   24.849294305   24.849282339
    3.928928929   24.897607649   24.897615707   24.897602713
    3.933933934   24.946463171   24.946470681   24.946456738
    3.938938939   24.996697559   24.996704479   24.996689668
    3.943943944   25.048666774   25.048673066   25.048657469
    3.948948949   25.102320317   25.102325946   25.102309646
    3.953953954   25.157310561   25.157315494   25.157298578
    3.958958959   25.213119348   25.213123554   25.213106114
    3.963963964   25.269191273   25.269194722   25.269176859
    3.968968969   25.325062343   25.325065009   25.325046830
    3.973973974   25.380473248   25.380475106   25.380456728
    3.978978979   25.435458593   25.435459620   25.435441167
    3.983983984   25.490406888   25.490407064   25.490388668
    3.988988989   25.546089980   25.546089289   25.546071085
    3.993993994   25.603663929   25.603662357   25.603644483
    3.998998999   25.664645083   25.664642621   25.664625214
    4.004004004   25.730865147   25.730861786   25.730844979
    4.009009009   25.804407665   25.804403401   25.804387321
    4.014014014   25.887526756   25.887521587   25.887506351
    4.019019019   25.982548013   25.982541939   25.982527650
    4.024024024   26.091752110   26.091745132   26.091731881
    4.029029029   26.217243796   26.217235920   26.217223775
    4.034034034   26.360812135   26.360803368   26.360792378
    4.039039039   26.523791177   26.523781530   26.523771717
    4.044044044   26.706932888   26.706922378   26.706913741
    4.049049049   26.910305507   26.910294156   26.910286664
    4.054054054   27.133230312   27.133218152   27.133211746
    4.059059059   27.374268091   27.374255160   27.374249757
    4.064064064   27.631263456   27.631249806   27.631245297
    4.069069069   27.901450702   27.901436395   27.901432653
    4.074074074   28.181619157   28.181604265   28.181601147
    4.079079079   28.468329216   28.468313822   28.468311178
    4.084084084   28.758162987   28.758147184   28.758144863
    4.089089089   29.047986642   29.047970528   29.047968386
    4.094094094   29.335196664   29.335180345   29.335178252
    4.099099099   29.617920662   29.617904242   29.617902087
    4.104104104   29.895146461   29.895130044   29.895127740
    4.109109109   30.166761155   30.166744839   30.166742324
    4.114114114   30.433493698   30.433477570   30.433474808
    4.119119119   30.696768442   30.696752578   30.696749559
    4.124124124   30.958490109   30.958474571   30.958471303
    4.129129129   31.220790336   31.220775171   31.220771680
    4.134134134   31.485770495   31.485755733   31.485752056
    4.139139139   31.755274271   31.755259928   31.755256110
    4.144144144   32.030717163   32.030703239   32.030699330
    4.149149149   32.312989985   32.312976471   32.312972523
    4.154154154   32.602441572   32.602428445   32.602424512
    4.159159159   32.898933902   32.898921134   32.898917271
    4.164164164   33.201952728   33.201940287   33.201936549
    4.169169169   33.510749756   33.510737607   33.510734054
    4.174174174   33.824489671   33.824477781   33.824474473
    4.179179179   34.142377276   34.142365617   34.142362616
    4.184184184   34.463746377   34.463734924   34.463732294
    4.189189189   34.788101518   34.788090253   34.788088056
    4.194194194   35.115114264   35.115103176   35.115101470
    4.199199199   35.444584921   35.444574006   35.444572846
    4.204204204   35.776386286   35.776375545   35.776374979
    4.209209209   36.110406989   36.110396429   36.110396498
    4.214214214   36.446508306   36.446497940   36.446498678
    4.219219219   36.784501404   36.784491249   36.784492684
    4.224224224   37.124144093   37.124134169   37.124136323
    4.229229229   37.465149791   37.465140125   37.465143016
    4.234234234   37.807198375   37.807188995   37.807192638
    4.239239239   38.149939568   38.149930507   38.149934914
    4.244244244   38.492983908   38.492975203   38.492980381
    4.249249249   38.835882230   38.835873919   38.835879873
    4.254254254   39.178099871   39.178091997   39.178098725
    4.259259259   39.518994428   39.518987032   39.518994523
    4.264264264   39.857804934   39.857798059   39.857806295
    4.269269269   40.193656164   40.193649851   40.193658802
    4.274274274   40.525575736   40.525570023   40.525579650
    4.279279279   40.852516020   40.852510941   40.852521192
    4.284284284   41.173369356   41.173364938   41.173375751
    4.289289289   41.486965115   41.486961376   41.486972680
    4.294294294   41.792040814   41.792037765   41.792049477
    4.299299299   42.087185885   42.087183525   42.087195554
    4.304304304   42.370764099   42.370762417   42.370774660
    4.309309309   42.640827045   42.640826016   42.640838364
    4.314314314   42.895034556   42.895034145   42.895046477
    4.319319319   43.130597652   43.130597810   43.130609999
    4.324324324   43.344255398   43.344256065   43.344267976
    4.329329329   43.532290248   43.532291354   43.532302848
    4.334334334   43.690579041   43.690580507   43.690591440
    4.339339339   43.814671037   43.814672777   43.814683004
    4.344344344   43.899882054   43.899883977   43.899893355
    4.349349349   43.941395606   43.941397623   43.941406010
    4.354354354   43.934367179   43.934369201   43.934376459
    4.359359359   43.874034556   43.874036501   43.874042497
    4.364364364   43.755842792   43.755844587   43.755849195
    4.369369369   43.575594540   43.575596123   43.575599229
    4.374374374   43.329633596   43.329634918   43.329636420
    4.379379379   43.015061724   43.015062751   43.015062567
    4.384384384   42.629977809   42.629978523   42.629976593
    4.389389389   42.173717022   42.173717419   42.173713713
    4.394394394   41.647059208   41.647059298   41.647053816
    4.399399399   41.052372926   41.052372734   41.052365512
    4.404404404   40.393665678   40.393665240   40.393656347
    4.409409409   39.676521445   39.676520805   39.676510344
    4.414414414   38.907921590   38.907920801   38.907908904
    4.419419419   38.095961307   38.095960428   38.095947247
    4.424424424   37.249487886   37.249486977   37.249472681
    4.429429429   36.377696579   36.377695702   36.377680466
    4.434434434   35.489723447   35.489722663   35.489706660
    4.439439439   34.594272287   34.594271653   34.594255048
    4.444444444   33.699305621   33.699305190   33.699288136
    4.449449449   32.811819578   32.811819399   32.811802027
    4.454454454   31.937711123   31.937711235   31.937693657
    4.459459459   31.081735247   31.081735681   31.081717986
    4.464464464   30.247540667   30.247541448   30.247523702
    4.469469469   29.437766157   29.437767298   29.437749547
    4.474474474   28.654176194   28.654177700   28.654159971
    4.479479479   27.897814329   27.897816195   27.897798498
    4.484484484   27.169155140   27.169157355   27.169139690
    4.489489489   26.468240319   26.468242863   26.468225219
    4.494494494   25.794790381   25.794793227   25.794775591
    4.499499499   25.148289659   25.148292780   25.148275136
    4.504504505   24.528047549   24.528050911   24.528033247
    4.509509510   23.933242501   23.933246072   23.933228383
    4.514514515   23.362956772   23.362960518   23.362942806
    4.519519520   22.816209205   22.816213094   22.816195374
    4.524524525   22.291991080   22.291995081   22.291977380
    4.529529530   21.789306816   21.789310902   21.789293258
    4.534534535   21.307218001   21.307222146   21.307204610
    4.539539540   20.844886502   20.844890682   20.844873317
    4.544544545   20.401610815   20.401615009   20.401597886
    4.549549550   19.976849635   19.976853823   19.976837020
    4.554554555   19.570227815   19.570231980   19.570215579
    4.559559560   19.181522198   19.181526324   19.181510407
    4.564564565   18.810627684   18.810631755   18.810616403
    4.569569570   18.457506798   18.457510801   18.457496089
    4.574574575   18.122128276   18.122132198   18.122118195
    4.579579580   17.804401472   17.804405300   17.804392067
    4.584584585   17.504113505   17.504117229   17.504104816
    4.589589590   17.220875238   17.220878846   17.220867295
    4.594594595   16.954080549   16.954084030   16.954073372
    4.599599600   16.702881593   16.702884939   16.702875195
    4.604604605   16.466180955   16.466184158   16.466175338
    4.609609610   16.242640193   16.242643243   16.242635351
    4.614614615   16.030703388   16.030706279   16.030699307
    4.619619620   15.828633894   15.828636619   15.828630555
    4.624624625   15.634562498   15.634565053   15.634559875
    4.629629630   15.446545377   15.446547758   15.446543439
    4.634634635   15.262630346   15.262632550   15.262629055
    4.639639640   15.080929642   15.080931670   15.080928957
    4.644644645   14.899696705   14.899698558   14.899696582
    4.649649650   14.717403174   14.717404855   14.717403564
    4.654654655   14.532810933   14.532812448   14.532811787
    4.659659660   14.345033003   14.345034359   14.345034269
    4.664664665   14.153576930   14.153578137   14.153578555
    4.669669670   13.958365423   13.958366492   13.958367357
    4.674674675   13.759731262   13.759732207   13.759733455
    4.679679680   13.558386591   13.558387427   13.558388996
    4.684684685   13.355369855   13.355370600   13.355372429
    4.689689690   13.151976223   13.151976893   13.151978925
    4.694694695   12.949678773   12.949679387   12.949681568
    4.699699700   12.750047938   12.750048514   12.750050793
    4.704704705   12.554675758   12.554676313   12.554678644
    4.709709710   12.365109907   12.365110459   12.365112801
    4.714714715   12.182800504   12.182801069   12.182803385
    4.719719720   12.009060908   12.009061500   12.009063758
    4.724724725   11.845042192   11.845042826   11.845044998
    4.729729730   11.691719891   11.691720579   11.691722642
    4.734734735   11.549890929   11.549891682   11.549893617
    4.739739740   11.420178293   11.420179123   11.420180913
    4.744744745   11.303040928   11.303041844   11.303043476
    4.749749750   11.198786420   11.198787431   11.198788894
    4.754754755   11.107584329   11.107585446   11.107586730
    4.759759760   11.029478423   11.029479654   11.029480751
    4.764764765   10.964396601   10.964397956   10.964398858
    4.769769770   10.912157938   10.912159425   10.912160125
    4.774774775   10.872476895   10.872478525   10.872479015
    4.779779780   10.844965370   10.844967151   10.844967427
    4.784784785   10.829133655   10.829135598   10.829135652
    4.789789790   10.824391625   10.824393738   10.824393565
    4.794794795   10.830051378   10.830053671   10.830053267
    4.799799800   10.845332273   10.845334755   10.845334117
    4.804804805   10.869368741   10.869371419   10.869370546
    4.809809810   10.901220675   10.901223557   10.901222452
    4.814814815   10.939885730   10.939888821   10.939887490
    4.819819820   10.984312612   10.984315917   10.984314369
    4.824824825   11.033414731   11.033418253   11.033416502
    4.829829830   11.086084167   11.086087905   11.086085970
    4.834834835   11.141206909   11.141210863   11.141208766
    4.839839840   11.197681207   11.197685373   11.197683142
    4.844844845   11.254441396   11.254445769   11.254443434
    4.849849850   11.310489298   11.310493869   11.310491464
    4.854854855   11.364934091   11.364938851   11.364936413
    4.859859860   11.417039538   11.417044476   11.417042040
    4.864864865   11.466275000   11.466280104   11.466277708
    4.869869870   11.512364505   11.512369762   11.512367444
    4.874874875   11.555326839   11.555332234   11.555330029
    4.879879880   11.595499751   11.595505272   11.595503212
    4.884884885   11.633543072   11.633548705   11.633546821
    4.889889890   11.670418404   11.670424140   11.670422455
    4.894894895   11.707346587   11.707352415   11.707350953
    4.899899900   11.745747348   11.745753261   11.745752036
    4.904904905   11.787167881   11.787173874   11.787172898
    4.909909910   11.833208025   11.833214093   11.833213373
    4.914914915   11.885449216   11.885455359   11.885454895
    4.919919920   11.945392866   11.945399084   11.945398873
    4.924924925   12.014411588   12.014417883   12.014417916
    4.929929930   12.093714492   12.093720865   12.093721131
    4.934934935   12.184325826   12.184332279   12.184332763
    4.939939940   12.287075009   12.287081541   12.287082227
    4.944944945   12.402595418   12.402602030   12.402602897
    4.949949950   12.531329365   12.531336053   12.531337081
    4.954954955   12.673537021   12.673543780   12.673544948
    4.959959960   12.829307672   12.829314493   12.829315780
    4.964964965   12.998572130   12.998579003   12.998580386
    4.969969970   13.181115428   13.181122339   13.181123797
    4.974974975   13.376588828   13.376595761   13.376597274
    4.979979980   13.584519951   13.584526890   13.584528438
    4.984984985   13.804319499   13.804326424   13.804327991
    4.989989990   14.035283020   14.035289910   14.035291481
    4.994994995   14.276586600   14.276593435   14.276594997
    5.000000000   14.527276404   14.527283163   14.527284705
