# energy grid [eV]     epsr_x  epsr_y  epsr_z
# plasmon frequences [eV]:    10.130689433   10.130689637   10.130687534
    0.000000000   10.760089615   10.760067311   10.759991753
    0.005005005   10.760101852   10.760079549   10.760003990
    0.010010010   10.760138564   10.760116260   10.760040702
    0.015015015   10.760199751   10.760177447   10.760101889
    0.020020020   10.760285414   10.760263110   10.760187552
    0.025025025   10.760395555   10.760373251   10.760297692
    0.030030030   10.760530175   10.760507872   10.760432313
    0.035035035   10.760689278   10.760666974   10.760591415
    0.040040040   10.760872865   10.760850562   10.760775002
    0.045045045   10.761080941   10.761058637   10.760983077
    0.050050050   10.761313508   10.761291204   10.761215644
    0.055055055   10.761570570   10.761548266   10.761472706
    0.060060060   10.761852133   10.761829829   10.761754268
    0.065065065   10.762158201   10.762135897   10.762060336
    0.070070070   10.762488779   10.762466475   10.762390913
    0.075075075   10.762843873   10.762821569   10.762746007
    0.080080080   10.763223490   10.763201186   10.763125623
    0.085085085   10.763627635   10.763605331   10.763529768
    0.090090090   10.764056317   10.764034013   10.763958449
    0.095095095   10.764509542   10.764487238   10.764411673
    0.100100100   10.764987319   10.764965014   10.764889449
    0.105105105   10.765489655   10.765467350   10.765391784
    0.110110110   10.766016559   10.765994255   10.765918688
    0.115115115   10.766568042   10.766545737   10.766470170
    0.120120120   10.767144111   10.767121806   10.767046238
    0.125125125   10.767744778   10.767722473   10.767646904
    0.130130130   10.768370053   10.768347748   10.768272178
    0.135135135   10.769019947   10.768997642   10.768922071
    0.140140140   10.769694471   10.769672165   10.769596594
    0.145145145   10.770393636   10.770371331   10.770295758
    0.150150150   10.771117456   10.771095151   10.771019577
    0.155155155   10.771865943   10.771843637   10.771768063
    0.160160160   10.772639110   10.772616804   10.772541228
    0.165165165   10.773436970   10.773414664   10.773339087
    0.170170170   10.774259538   10.774237231   10.774161654
    0.175175175   10.775106827   10.775084521   10.775008942
    0.180180180   10.775978853   10.775956547   10.775880966
    0.185185185   10.776875631   10.776853324   10.776777743
    0.190190190   10.777797177   10.777774870   10.777699287
    0.195195195   10.778743507   10.778721199   10.778645616
    0.200200200   10.779714637   10.779692329   10.779616744
    0.205205205   10.780710584   10.780688277   10.780612690
    0.210210210   10.781731367   10.781709059   10.781633471
    0.215215215   10.782777003   10.782754695   10.782679105
    0.220220220   10.783847509   10.783825201   10.783749610
    0.225225225   10.784942906   10.784920598   10.784845006
    0.230230230   10.786063213   10.786040904   10.785965310
    0.235235235   10.787208448   10.787186139   10.787110544
    0.240240240   10.788378633   10.788356324   10.788280727
    0.245245245   10.789573788   10.789551479   10.789475880
    0.250250250   10.790793934   10.790771624   10.790696024
    0.255255255   10.792039092   10.792016782   10.791941180
    0.260260260   10.793309284   10.793286974   10.793211371
    0.265265265   10.794604534   10.794582224   10.794506618
    0.270270270   10.795924863   10.795902553   10.795826945
    0.275275275   10.797270295   10.797247985   10.797172376
    0.280280280   10.798640855   10.798618544   10.798542933
    0.285285285   10.800036565   10.800014254   10.799938641
    0.290290290   10.801457451   10.801435140   10.801359525
    0.295295295   10.802903538   10.802881226   10.802805610
    0.300300300   10.804374852   10.804352540   10.804276921
    0.305305305   10.805871418   10.805849106   10.805773485
    0.310310310   10.807393264   10.807370951   10.807295329
    0.315315315   10.808940416   10.808918103   10.808842478
    0.320320320   10.810512902   10.810490588   10.810414961
    0.325325325   10.812110749   10.812088436   10.812012806
    0.330330330   10.813733987   10.813711673   10.813636041
    0.335335335   10.815382644   10.815360329   10.815284696
    0.340340340   10.817056749   10.817034434   10.816958798
    0.345345345   10.818756332   10.818734017   10.818658379
    0.350350350   10.820481424   10.820459108   10.820383468
    0.355355355   10.822232055   10.822209739   10.822134096
    0.360360360   10.824008257   10.823985941   10.823910295
    0.365365365   10.825810061   10.825787744   10.825712097
    0.370370370   10.827637500   10.827615183   10.827539532
    0.375375375   10.829490606   10.829468288   10.829392636
    0.380380380   10.831369412   10.831347095   10.831271439
    0.385385385   10.833273953   10.833251635   10.833175977
    0.390390390   10.835204262   10.835181944   10.835106283
    0.395395395   10.837160374   10.837138056   10.837062392
    0.400400400   10.839142325   10.839120006   10.839044340
    0.405405405   10.841150149   10.841127829   10.841052161
    0.410410410   10.843183883   10.843161563   10.843085892
    0.415415415   10.845243564   10.845221244   10.845145569
    0.420420420   10.847329228   10.847306908   10.847231231
    0.425425425   10.849440914   10.849418593   10.849342913
    0.430430430   10.851578660   10.851556338   10.851480655
    0.435435435   10.853742503   10.853720181   10.853644496
    0.440440440   10.855932484   10.855910162   10.855834473
    0.445445445   10.858148642   10.858126319   10.858050628
    0.450450450   10.860391017   10.860368694   10.860292999
    0.455455455   10.862659650   10.862637327   10.862561629
    0.460460460   10.864954582   10.864932258   10.864856557
    0.465465465   10.867275855   10.867253530   10.867177826
    0.470470470   10.869623511   10.869601186   10.869525478
    0.475475475   10.871997592   10.871975267   10.871899556
    0.480480480   10.874398142   10.874375817   10.874300103
    0.485485485   10.876825206   10.876802880   10.876727163
    0.490490490   10.879278826   10.879256500   10.879180779
    0.495495495   10.881759049   10.881736721   10.881660998
    0.500500501   10.884265918   10.884243591   10.884167864
    0.505505506   10.886799482   10.886777153   10.886701423
    0.510510511   10.889359784   10.889337456   10.889261722
    0.515515516   10.891946874   10.891924545   10.891848808
    0.520520521   10.894560798   10.894538469   10.894462728
    0.525525526   10.897201605   10.897179275   10.897103530
    0.530530531   10.899869342   10.899847012   10.899771264
    0.535535536   10.902564060   10.902541729   10.902465977
    0.540540541   10.905285808   10.905263476   10.905187721
    0.545545546   10.908034636   10.908012304   10.907936544
    0.550550551   10.910810595   10.910788262   10.910712499
    0.555555556   10.913613736   10.913591403   10.913515636
    0.560560561   10.916444112   10.916421779   10.916346008
    0.565565566   10.919301775   10.919279441   10.919203667
    0.570570571   10.922186779   10.922164444   10.922088666
    0.575575576   10.925099176   10.925076840   10.925001058
    0.580580581   10.928039021   10.928016685   10.927940899
    0.585585586   10.931006368   10.930984032   10.930908242
    0.590590591   10.934001275   10.933978938   10.933903143
    0.595595596   10.937023795   10.937001457   10.936925659
    0.600600601   10.940073986   10.940051648   10.939975846
    0.605605606   10.943151905   10.943129567   10.943053760
    0.610610611   10.946257610   10.946235271   10.946159460
    0.615615616   10.949391159   10.949368819   10.949293004
    0.620620621   10.952552611   10.952530271   10.952454452
    0.625625626   10.955742026   10.955719685   10.955643861
    0.630630631   10.958959463   10.958937121   10.958861294
    0.635635636   10.962204984   10.962182641   10.962106809
    0.640640641   10.965478649   10.965456306   10.965380470
    0.645645646   10.968780521   10.968758178   10.968682337
    0.650650651   10.972110663   10.972088319   10.972012474
    0.655655656   10.975469137   10.975446793   10.975370943
    0.660660661   10.978856008   10.978833663   10.978757808
    0.665665666   10.982271340   10.982248994   10.982173135
    0.670670671   10.985715197   10.985692851   10.985616987
    0.675675676   10.989187647   10.989165300   10.989089431
    0.680680681   10.992688754   10.992666406   10.992590533
    0.685685686   10.996218587   10.996196239   10.996120361
    0.690690691   10.999777213   10.999754863   10.999678981
    0.695695696   11.003364699   11.003342349   11.003266462
    0.700700701   11.006981116   11.006958765   11.006882873
    0.705705706   11.010626532   11.010604181   11.010528284
    0.710710711   11.014301019   11.014278667   11.014202765
    0.715715716   11.018004646   11.017982294   11.017906387
    0.720720721   11.021737486   11.021715133   11.021639221
    0.725725726   11.025499611   11.025477257   11.025401340
    0.730730731   11.029291093   11.029268739   11.029192817
    0.735735736   11.033112007   11.033089652   11.033013725
    0.740740741   11.036962427   11.036940071   11.036864139
    0.745745746   11.040842427   11.040820071   11.040744133
    0.750750751   11.044752084   11.044729727   11.044653784
    0.755755756   11.048691475   11.048669116   11.048593168
    0.760760761   11.052660675   11.052638316   11.052562363
    0.765765766   11.056659763   11.056637403   11.056561444
    0.770770771   11.060688817   11.060666457   11.060590493
    0.775775776   11.064747917   11.064725556   11.064649587
    0.780780781   11.068837143   11.068814781   11.068738806
    0.785785786   11.072956575   11.072934212   11.072858232
    0.790790791   11.077106294   11.077083931   11.077007945
    0.795795796   11.081286384   11.081264020   11.081188029
    0.800800801   11.085496927   11.085474562   11.085398565
    0.805805806   11.089738006   11.089715640   11.089639638
    0.810810811   11.094009706   11.093987339   11.093911331
    0.815815816   11.098312112   11.098289745   11.098213730
    0.820820821   11.102645309   11.102622942   11.102546922
    0.825825826   11.107009386   11.106987017   11.106910992
    0.830830831   11.111404428   11.111382059   11.111306027
    0.835835836   11.115830525   11.115808155   11.115732118
    0.840840841   11.120287765   11.120265394   11.120189351
    0.845845846   11.124776238   11.124753866   11.124677817
    0.850850851   11.129296035   11.129273662   11.129197607
    0.855855856   11.133847246   11.133824873   11.133748812
    0.860860861   11.138429965   11.138407591   11.138331523
    0.865865866   11.143044284   11.143021909   11.142945835
    0.870870871   11.147690296   11.147667921   11.147591841
    0.875875876   11.152368098   11.152345721   11.152269635
    0.880880881   11.157077783   11.157055405   11.156979313
    0.885885886   11.161819448   11.161797070   11.161720971
    0.890890891   11.166593191   11.166570812   11.166494707
    0.895895896   11.171399108   11.171376729   11.171300617
    0.900900901   11.176237300   11.176214919   11.176138802
    0.905905906   11.181107866   11.181085484   11.181009360
    0.910910911   11.186010905   11.185988523   11.185912392
    0.915915916   11.190946520   11.190924137   11.190848000
    0.920920921   11.195914813   11.195892429   11.195816285
    0.925925926   11.200915886   11.200893501   11.200817351
    0.930930931   11.205949845   11.205927459   11.205851302
    0.935935936   11.211016793   11.210994406   11.210918242
    0.940940941   11.216116836   11.216094449   11.216018278
    0.945945946   11.221250082   11.221227694   11.221151517
    0.950950951   11.226416638   11.226394248   11.226318064
    0.955955956   11.231616611   11.231594221   11.231518030
    0.960960961   11.236850113   11.236827722   11.236751524
    0.965965966   11.242117253   11.242094861   11.242018656
    0.970970971   11.247418142   11.247395749   11.247319537
    0.975975976   11.252752893   11.252730499   11.252654280
    0.980980981   11.258121619   11.258099224   11.258022998
    0.985985986   11.263524434   11.263502038   11.263425805
    0.990990991   11.268961453   11.268939056   11.268862816
    0.995995996   11.274432792   11.274410395   11.274334148
    1.001001001   11.279938570   11.279916171   11.279839917
    1.006006006   11.285478902   11.285456503   11.285380241
    1.011011011   11.291053909   11.291031509   11.290955240
    1.016016016   11.296663712   11.296641310   11.296565034
    1.021021021   11.302308429   11.302286027   11.302209744
    1.026026026   11.307988185   11.307965782   11.307889491
    1.031031031   11.313703103   11.313680699   11.313604400
    1.036036036   11.319453305   11.319430900   11.319354594
    1.041041041   11.325238918   11.325216512   11.325140198
    1.046046046   11.331060069   11.331037662   11.330961340
    1.051051051   11.336916883   11.336894475   11.336818146
    1.056056056   11.342809490   11.342787081   11.342710744
    1.061061061   11.348738020   11.348715610   11.348639265
    1.066066066   11.354702602   11.354680191   11.354603839
    1.071071071   11.360703369   11.360680958   11.360604597
    1.076076076   11.366740454   11.366718041   11.366641673
    1.081081081   11.372813990   11.372791576   11.372715200
    1.086086086   11.378924112   11.378901697   11.378825313
    1.091091091   11.385070957   11.385048541   11.384972149
    1.096096096   11.391254662   11.391232245   11.391155845
    1.101101101   11.397475366   11.397452948   11.397376539
    1.106106106   11.403733207   11.403710788   11.403634372
    1.111111111   11.410028328   11.410005908   11.409929483
    1.116116116   11.416360869   11.416338449   11.416262015
    1.121121121   11.422730975   11.422708553   11.422632112
    1.126126126   11.429138790   11.429116367   11.429039917
    1.131131131   11.435584458   11.435562035   11.435485576
    1.136136136   11.442068128   11.442045703   11.441969237
    1.141141141   11.448589947   11.448567521   11.448491046
    1.146146146   11.455150065   11.455127638   11.455051154
    1.151151151   11.461748632   11.461726204   11.461649711
    1.156156156   11.468385799   11.468363370   11.468286869
    1.161161161   11.475061721   11.475039291   11.474962781
    1.166166166   11.481776552   11.481754120   11.481677602
    1.171171171   11.488530446   11.488508014   11.488431487
    1.176176176   11.495323562   11.495301129   11.495224593
    1.181181181   11.502156058   11.502133624   11.502057079
    1.186186186   11.509028093   11.509005658   11.508929104
    1.191191191   11.515939828   11.515917392   11.515840829
    1.196196196   11.522891427   11.522868989   11.522792417
    1.201201201   11.529883051   11.529860613   11.529784032
    1.206206206   11.536914868   11.536892428   11.536815838
    1.211211211   11.543987043   11.543964602   11.543888003
    1.216216216   11.551099744   11.551077302   11.551000693
    1.221221221   11.558253140   11.558230697   11.558154080
    1.226226226   11.565447403   11.565424959   11.565348332
    1.231231231   11.572682705   11.572660260   11.572583624
    1.236236236   11.579959219   11.579936773   11.579860127
    1.241241241   11.587277121   11.587254673   11.587178018
    1.246246246   11.594636587   11.594614138   11.594537474
    1.251251251   11.602037795   11.602015345   11.601938671
    1.256256256   11.609480926   11.609458475   11.609381791
    1.261261261   11.616966159   11.616943707   11.616867014
    1.266266266   11.624493679   11.624471226   11.624394523
    1.271271271   11.632063670   11.632041215   11.631964502
    1.276276276   11.639676316   11.639653861   11.639577138
    1.281281281   11.647331807   11.647309350   11.647232618
    1.286286286   11.655030330   11.655007872   11.654931130
    1.291291291   11.662772077   11.662749618   11.662672865
    1.296296296   11.670557239   11.670534779   11.670458017
    1.301301301   11.678386012   11.678363551   11.678286778
    1.306306306   11.686258590   11.686236127   11.686159345
    1.311311311   11.694175170   11.694152707   11.694075914
    1.316316316   11.702135953   11.702113488   11.702036685
    1.321321321   11.710141138   11.710118672   11.710041859
    1.326326326   11.718190928   11.718168461   11.718091637
    1.331331331   11.726285527   11.726263059   11.726186225
    1.336336336   11.734425141   11.734402672   11.734325827
    1.341341341   11.742609978   11.742587507   11.742510652
    1.346346346   11.750840247   11.750817775   11.750740910
    1.351351351   11.759116160   11.759093687   11.759016811
    1.356356356   11.767437930   11.767415456   11.767338569
    1.361361361   11.775805771   11.775783296   11.775706398
    1.366366366   11.784219901   11.784197425   11.784120516
    1.371371371   11.792680539   11.792658061   11.792581142
    1.376376376   11.801187904   11.801165426   11.801088495
    1.381381381   11.809742221   11.809719741   11.809642800
    1.386386386   11.818343712   11.818321231   11.818244279
    1.391391391   11.826992606   11.826970123   11.826893160
    1.396396396   11.835689129   11.835666646   11.835589671
    1.401401401   11.844433514   11.844411029   11.844334043
    1.406406406   11.853225991   11.853203505   11.853126508
    1.411411411   11.862066796   11.862044309   11.861967301
    1.416416416   11.870956166   11.870933677   11.870856658
    1.421421421   11.879894338   11.879871848   11.879794818
    1.426426426   11.888881555   11.888859064   11.888782022
    1.431431431   11.897918058   11.897895565   11.897818512
    1.436436436   11.907004093   11.906981599   11.906904534
    1.441441441   11.916139907   11.916117412   11.916040335
    1.446446446   11.925325749   11.925303253   11.925226165
    1.451451451   11.934561872   11.934539375   11.934462275
    1.456456456   11.943848529   11.943826030   11.943748918
    1.461461461   11.953185976   11.953163476   11.953086352
    1.466466466   11.962574471   11.962551970   11.962474835
    1.471471471   11.972014276   11.971991774   11.971914626
    1.476476476   11.981505654   11.981483150   11.981405991
    1.481481481   11.991048870   11.991026365   11.990949193
    1.486486486   12.000644191   12.000621685   12.000544501
    1.491491491   12.010291888   12.010269381   12.010192185
    1.496496496   12.019992235   12.019969726   12.019892518
    1.501501502   12.029745505   12.029722995   12.029645774
    1.506506507   12.039551976   12.039529465   12.039452232
    1.511511512   12.049411930   12.049389417   12.049312172
    1.516516517   12.059325648   12.059303134   12.059225876
    1.521521522   12.069293415   12.069270900   12.069193630
    1.526526527   12.079315521   12.079293004   12.079215721
    1.531531532   12.089392254   12.089369736   12.089292440
    1.536536537   12.099523908   12.099501389   12.099424080
    1.541541542   12.109710780   12.109688260   12.109610938
    1.546546547   12.119953167   12.119930646   12.119853311
    1.551551552   12.130251371   12.130228849   12.130151501
    1.556556557   12.140605697   12.140583173   12.140505812
    1.561561562   12.151016450   12.150993925   12.150916551
    1.566566567   12.161483941   12.161461414   12.161384027
    1.571571572   12.172008482   12.171985954   12.171908554
    1.576576577   12.182590389   12.182567860   12.182490446
    1.581581582   12.193229981   12.193207450   12.193130023
    1.586586587   12.203927578   12.203905046   12.203827605
    1.591591592   12.214683505   12.214660971   12.214583517
    1.596596597   12.225498089   12.225475554   12.225398087
    1.601601602   12.236371662   12.236349126   12.236271645
    1.606606607   12.247304556   12.247282019   12.247204524
    1.611611612   12.258297109   12.258274570   12.258197061
    1.616616617   12.269349660   12.269327120   12.269249597
    1.621621622   12.280462553   12.280440011   12.280362475
    1.626626627   12.291636133   12.291613591   12.291536040
    1.631631632   12.302870752   12.302848208   12.302770643
    1.636636637   12.314166761   12.314144215   12.314066637
    1.641641642   12.325524517   12.325501970   12.325424377
    1.646646647   12.336944380   12.336921832   12.336844225
    1.651651652   12.348426714   12.348404164   12.348326543
    1.656656657   12.359971884   12.359949333   12.359871697
    1.661661662   12.371580262   12.371557709   12.371480059
    1.666666667   12.383252220   12.383229667   12.383152002
    1.671671672   12.394988138   12.394965583   12.394887903
    1.676676677   12.406788395   12.406765838   12.406688144
    1.681681682   12.418653376   12.418630819   12.418553109
    1.686686687   12.430583471   12.430560912   12.430483188
    1.691691692   12.442579071   12.442556510   12.442478771
    1.696696697   12.454640572   12.454618011   12.454540257
    1.701701702   12.466768376   12.466745813   12.466668044
    1.706706707   12.478962885   12.478940321   12.478862536
    1.711711712   12.491224508   12.491201942   12.491124143
    1.716716717   12.503553657   12.503531090   12.503453275
    1.721721722   12.515950748   12.515928179   12.515850349
    1.726726727   12.528416200   12.528393631   12.528315785
    1.731731732   12.540950440   12.540927869   12.540850007
    1.736736737   12.553553894   12.553531322   12.553453445
    1.741741742   12.566226997   12.566204423   12.566126530
    1.746746747   12.578970185   12.578947610   12.578869701
    1.751751752   12.591783901   12.591761324   12.591683399
    1.756756757   12.604668589   12.604646011   12.604568070
    1.761761762   12.617624701   12.617602122   12.617524165
    1.766766767   12.630652692   12.630630112   12.630552139
    1.771771772   12.643753022   12.643730440   12.643652451
    1.776776777   12.656926156   12.656903572   12.656825567
    1.781781782   12.670172562   12.670149977   12.670071955
    1.786786787   12.683492714   12.683470128   12.683392089
    1.791791792   12.696887092   12.696864504   12.696786449
    1.796796797   12.710356179   12.710333590   12.710255518
    1.801801802   12.723900463   12.723877873   12.723799785
    1.806806807   12.737520440   12.737497849   12.737419743
    1.811811812   12.751216608   12.751194015   12.751115893
    1.816816817   12.764989471   12.764966876   12.764888737
    1.821821822   12.778839538   12.778816942   12.778738786
    1.826826827   12.792767324   12.792744727   12.792666553
    1.831831832   12.806773350   12.806750751   12.806672560
    1.836836837   12.820858140   12.820835541   12.820757332
    1.841841842   12.835022227   12.834999626   12.834921400
    1.846846847   12.849266147   12.849243544   12.849165300
    1.851851852   12.863590442   12.863567837   12.863489576
    1.856856857   12.877995660   12.877973054   12.877894776
    1.861861862   12.892482356   12.892459749   12.892381452
    1.866866867   12.907051089   12.907028481   12.906950167
    1.871871872   12.921702427   12.921679817   12.921601484
    1.876876877   12.936436940   12.936414329   12.936335978
    1.881881882   12.951255207   12.951232594   12.951154225
    1.886886887   12.966157812   12.966135198   12.966056811
    1.891891892   12.981145347   12.981122732   12.981044326
    1.896896897   12.996218408   12.996195792   12.996117367
    1.901901902   13.011377600   13.011354982   13.011276539
    1.906906907   13.026623533   13.026600913   13.026522452
    1.911911912   13.041956824   13.041934203   13.041855722
    1.916916917   13.057378096   13.057355474   13.057276975
    1.921921922   13.072887982   13.072865359   13.072786840
    1.926926927   13.088487118   13.088464493   13.088385955
    1.931931932   13.104176150   13.104153524   13.104074967
    1.936936937   13.119955729   13.119933102   13.119854525
    1.941941942   13.135826516   13.135803887   13.135725291
    1.946946947   13.151789176   13.151766546   13.151687931
    1.951951952   13.167844385   13.167821754   13.167743118
    1.956956957   13.183992824   13.183970191   13.183891536
    1.961961962   13.200235182   13.200212548   13.200133873
    1.966966967   13.216572158   13.216549523   13.216470827
    1.971971972   13.233004457   13.232981820   13.232903105
    1.976976977   13.249532792   13.249510154   13.249431418
    1.981981982   13.266157885   13.266135245   13.266056489
    1.986986987   13.282880466   13.282857825   13.282779049
    1.991991992   13.299701274   13.299678632   13.299599835
    1.996996997   13.316621055   13.316598412   13.316519594
    2.002002002   13.333640566   13.333617921   13.333539083
    2.007007007   13.350760571   13.350737925   13.350659065
    2.012012012   13.367981843   13.367959196   13.367880315
    2.017017017   13.385305166   13.385282516   13.385203615
    2.022022022   13.402731330   13.402708679   13.402629756
    2.027027027   13.420261137   13.420238485   13.420159541
    2.032032032   13.437895398   13.437872745   13.437793779
    2.037037037   13.455634934   13.455612279   13.455533291
    2.042042042   13.473480574   13.473457918   13.473378908
    2.047047047   13.491433158   13.491410501   13.491331469
    2.052052052   13.509493538   13.509470879   13.509391825
    2.057057057   13.527662572   13.527639913   13.527560837
    2.062062062   13.545941134   13.545918473   13.545839374
    2.067067067   13.564330103   13.564307441   13.564228320
    2.072072072   13.582830373   13.582807709   13.582728566
    2.077077077   13.601442846   13.601420181   13.601341015
    2.082082082   13.620168438   13.620145772   13.620066583
    2.087087087   13.639008074   13.638985406   13.638906194
    2.092092092   13.657962690   13.657940021   13.657860786
    2.097097097   13.677033237   13.677010567   13.676931308
    2.102102102   13.696220674   13.696198002   13.696118720
    2.107107107   13.715525974   13.715503302   13.715423996
    2.112112112   13.734950123   13.734927449   13.734848120
    2.117117117   13.754494118   13.754471442   13.754392089
    2.122122122   13.774158968   13.774136292   13.774056915
    2.127127127   13.793945697   13.793923020   13.793843618
    2.132132132   13.813855341   13.813832662   13.813753237
    2.137137137   13.833888949   13.833866269   13.833786819
    2.142142142   13.854047584   13.854024902   13.853945428
    2.147147147   13.874332322   13.874309639   13.874230140
    2.152152152   13.894744254   13.894721570   13.894642046
    2.157157157   13.915284484   13.915261799   13.915182250
    2.162162162   13.935954132   13.935931446   13.935851871
    2.167167167   13.956754332   13.956731644   13.956652044
    2.172172172   13.977686231   13.977663543   13.977583917
    2.177177177   13.998750995   13.998728306   13.998648654
    2.182182182   14.019949803   14.019927112   14.019847435
    2.187187187   14.041283850   14.041261157   14.041181454
    2.192192192   14.062754346   14.062731653   14.062651923
    2.197197197   14.084362520   14.084339825   14.084260070
    2.202202202   14.106109616   14.106086920   14.106007138
    2.207207207   14.127996894   14.127974197   14.127894388
    2.212212212   14.150025632   14.150002934   14.149923098
    2.217217217   14.172197127   14.172174428   14.172094565
    2.222222222   14.194512692   14.194489992   14.194410101
    2.227227227   14.216973658   14.216950956   14.216871039
    2.232232232   14.239581375   14.239558672   14.239478727
    2.237237237   14.262337211   14.262314507   14.262234534
    2.242242242   14.285242555   14.285219850   14.285139849
    2.247247247   14.308298814   14.308276109   14.308196079
    2.252252252   14.331507416   14.331484709   14.331404651
    2.257257257   14.354869806   14.354847098   14.354767012
    2.262262262   14.378387454   14.378364745   14.378284630
    2.267267267   14.402061849   14.402039138   14.401958994
    2.272272272   14.425894499   14.425871788   14.425791615
    2.277277277   14.449886939   14.449864226   14.449784024
    2.282282282   14.474040720   14.474018007   14.473937775
    2.287287287   14.498357422   14.498334707   14.498254446
    2.292292292   14.522838642   14.522815927   14.522735635
    2.297297297   14.547486005   14.547463289   14.547382967
    2.302302302   14.572301157   14.572278440   14.572198088
    2.307307307   14.597285771   14.597263053   14.597182670
    2.312312312   14.622441542   14.622418823   14.622338409
    2.317317317   14.647770192   14.647747472   14.647667027
    2.322322322   14.673273469   14.673250748   14.673170272
    2.327327327   14.698953147   14.698930425   14.698849918
    2.332332332   14.724811027   14.724788304   14.724707764
    2.337337337   14.750848936   14.750826212   14.750745641
    2.342342342   14.777068731   14.777046007   14.776965403
    2.347347347   14.803472297   14.803449572   14.803368936
    2.352352352   14.830061548   14.830038822   14.829958153
    2.357357357   14.856838427   14.856815700   14.856734999
    2.362362362   14.883804909   14.883782181   14.883701446
    2.367367367   14.910962997   14.910940268   14.910859500
    2.372372372   14.938314728   14.938291998   14.938211197
    2.377377377   14.965862171   14.965839441   14.965758605
    2.382382382   14.993607428   14.993584696   14.993503827
    2.387387387   15.021552632   15.021529900   15.021448996
    2.392392392   15.049699955   15.049677223   15.049596284
    2.397397397   15.078051600   15.078028867   15.077947893
    2.402402402   15.106609808   15.106587074   15.106506065
    2.407407407   15.135376855   15.135354120   15.135273076
    2.412412412   15.164355055   15.164332320   15.164251239
    2.417417417   15.193546761   15.193524025   15.193442909
    2.422422422   15.222954364   15.222931627   15.222850474
    2.427427427   15.252580294   15.252557557   15.252476368
    2.432432432   15.282427024   15.282404286   15.282323060
    2.437437437   15.312497067   15.312474328   15.312393065
    2.442442442   15.342792979   15.342770239   15.342688938
    2.447447447   15.373317358   15.373294618   15.373213279
    2.452452452   15.404072849   15.404050109   15.403968732
    2.457457457   15.435062141   15.435039400   15.434957985
    2.462462462   15.466287970   15.466265228   15.466183774
    2.467467467   15.497753118   15.497730376   15.497648883
    2.472472472   15.529460418   15.529437676   15.529356143
    2.477477477   15.561412751   15.561390009   15.561308436
    2.482482482   15.593613050   15.593590307   15.593508694
    2.487487487   15.626064299   15.626041556   15.625959903
    2.492492492   15.658769537   15.658746793   15.658665099
    2.497497497   15.691731855   15.691709111   15.691627376
    2.502502503   15.724954402   15.724931657   15.724849881
    2.507507508   15.758440383   15.758417639   15.758335820
    2.512512513   15.792193064   15.792170319   15.792088458
    2.517517518   15.826215766   15.826193021   15.826111118
    2.522522523   15.860511877   15.860489132   15.860407186
    2.527527528   15.895084845   15.895062099   15.894980110
    2.532532533   15.929938181   15.929915436   15.929833402
    2.537537538   15.965075466   15.965052720   15.964970643
    2.542542543   16.000500346   16.000477600   16.000395478
    2.547547548   16.036216536   16.036193790   16.036111623
    2.552552553   16.072227824   16.072205078   16.072122865
    2.557557558   16.108538069   16.108515323   16.108433065
    2.562562563   16.145151206   16.145128460   16.145046156
    2.567567568   16.182071247   16.182048501   16.181966150
    2.572572573   16.219302280   16.219279534   16.219197136
    2.577577578   16.256848477   16.256825731   16.256743286
    2.582582583   16.294714090   16.294691344   16.294608851
    2.587587588   16.332903457   16.332880712   16.332798170
    2.592592593   16.371421004   16.371398259   16.371315668
    2.597597598   16.410271244   16.410248499   16.410165858
    2.602602603   16.449458782   16.449436038   16.449353348
    2.607607608   16.488988320   16.488965576   16.488882835
    2.612612613   16.528864654   16.528841910   16.528759118
    2.617617618   16.569092679   16.569069935   16.568987092
    2.622622623   16.609677393   16.609654649   16.609571755
    2.627627628   16.650623898   16.650601155   16.650518208
    2.632632633   16.691937404   16.691914662   16.691831662
    2.637637638   16.733623232   16.733600490   16.733517437
    2.642642643   16.775686814   16.775664073   16.775580965
    2.647647648   16.818133701   16.818110960   16.818027798
    2.652652653   16.860969562   16.860946822   16.860863605
    2.657657658   16.904200191   16.904177452   16.904094179
    2.662662663   16.947831508   16.947808770   16.947725441
    2.667667668   16.991869562   16.991846825   16.991763438
    2.672672673   17.036320536   17.036297800   17.036214356
    2.677677678   17.081190753   17.081168017   17.081084515
    2.682682683   17.126486673   17.126463939   17.126380378
    2.687687688   17.172214906   17.172192173   17.172108552
    2.692692693   17.218382210   17.218359477   17.218275797
    2.697697698   17.264995495   17.264972764   17.264889023
    2.702702703   17.312061833   17.312039103   17.311955300
    2.707707708   17.359588457   17.359565728   17.359481863
    2.712712713   17.407582767   17.407560040   17.407476112
    2.717717718   17.456052338   17.456029612   17.455945620
    2.722722723   17.505004920   17.504982195   17.504898139
    2.727727728   17.554448447   17.554425724   17.554341603
    2.732732733   17.604391042   17.604368320   17.604284133
    2.737737738   17.654841019   17.654818299   17.654734046
    2.742742743   17.705806895   17.705784176   17.705699855
    2.747747748   17.757297388   17.757274671   17.757190282
    2.752752753   17.809321429   17.809298714   17.809214256
    2.757757758   17.861888166   17.861865453   17.861780925
    2.762762763   17.915006971   17.914984260   17.914899661
    2.767767768   17.968687444   17.968664735   17.968580065
    2.772772773   18.022939423   18.022916716   18.022831973
    2.777777778   18.077772989   18.077750284   18.077665467
    2.782782783   18.133198471   18.133175768   18.133090878
    2.787787788   18.189226458   18.189203757   18.189118791
    2.792792793   18.245867800   18.245845102   18.245760060
    2.797797798   18.303133622   18.303110926   18.303025806
    2.802802803   18.361035323   18.361012630   18.360927432
    2.807807808   18.419584593   18.419561902   18.419476625
    2.812812813   18.478793411   18.478770723   18.478685365
    2.817817818   18.538674059   18.538651374   18.538565935
    2.822822823   18.599239127   18.599216445   18.599130924
    2.827827828   18.660501521   18.660478842   18.660393237
    2.832832833   18.722474468   18.722451793   18.722366102
    2.837837838   18.785171526   18.785148853   18.785063077
    2.842842843   18.848606588   18.848583918   18.848498055
    2.847847848   18.912793889   18.912771223   18.912685271
    2.852852853   18.977748014   18.977725352   18.977639310
    2.857857858   19.043483901   19.043461242   19.043375109
    2.862862863   19.110016844   19.109994188   19.109907964
    2.867867868   19.177362500   19.177339848   19.177253530
    2.872872873   19.245536890   19.245514242   19.245427829
    2.877877878   19.314556399   19.314533755   19.314447246
    2.882882883   19.384437777   19.384415137   19.384328530
    2.887887888   19.455198135   19.455175500   19.455088793
    2.892892893   19.526854942   19.526832311   19.526745504
    2.897897898   19.599426017   19.599403391   19.599316481
    2.902902903   19.672929516   19.672906895   19.672819881
    2.907907908   19.747383922   19.747361306   19.747274187
    2.912912913   19.822808024   19.822785412   19.822698185
    2.917917918   19.899220889   19.899198282   19.899110947
    2.922922923   19.976641840   19.976619238   19.976531792
    2.927927928   20.055090411   20.055067815   20.054980257
    2.932932933   20.134586309   20.134563718   20.134476046
    2.937937938   20.215149350   20.215126765   20.215038977
    2.942942943   20.296799401   20.296776821   20.296688915
    2.947947948   20.379556293   20.379533720   20.379445694
    2.952952953   20.463439733   20.463417166   20.463329018
    2.957957958   20.548469186   20.548446625   20.548358354
    2.962962963   20.634663746   20.634641191   20.634552794
    2.967967968   20.722041976   20.722019427   20.721930902
    2.972972973   20.810621724   20.810599182   20.810510527
    2.977977978   20.900419911   20.900397376   20.900308588
    2.982982983   20.991452275   20.991429747   20.991340824
    2.987987988   21.083733080   21.083710559   21.083621499
    2.992992993   21.177274774   21.177252260   21.177163061
    2.997997998   21.272087594   21.272065087   21.271975746
    3.003003003   21.368179109   21.368156610   21.368067125
    3.008008008   21.465553701   21.465531209   21.465441578
    3.013013013   21.564211956   21.564189472   21.564099691
    3.018018018   21.664149984   21.664127507   21.664037574
    3.023023023   21.765358639   21.765336169   21.765246081
    3.028028028   21.867822641   21.867800179   21.867709934
    3.033033033   21.971519601   21.971497146   21.971406741
    3.038038038   22.076418924   22.076396477   22.076305909
    3.043043043   22.182480630   22.182458190   22.182367457
    3.048048048   22.289654060   22.289631627   22.289540726
    3.053053053   22.397876526   22.397854100   22.397763027
    3.058058058   22.507071903   22.507049484   22.506958237
    3.063063063   22.617149245   22.617126832   22.617035407
    3.068068068   22.728001472   22.727979065   22.727887460
    3.073073073   22.839504252   22.839481850   22.839390062
    3.078078078   22.951515208   22.951492811   22.951400837
    3.083083083   23.063873636   23.063851244   23.063759080
    3.088088088   23.176400963   23.176378573   23.176286218
    3.093093093   23.288902221   23.288879834   23.288787282
    3.098098098   23.401168864   23.401146478   23.401053728
    3.103103103   23.512983269   23.512960884   23.512867931
    3.108108108   23.624125271   23.624102886   23.624009726
    3.113113113   23.734381023   23.734358637   23.734265266
    3.118118118   23.843554374   23.843531986   23.843438401
    3.123123123   23.951480722   23.951458331   23.951364525
    3.128128128   24.058043020   24.058020625   24.057926593
    3.133133133   24.163189206   24.163166807   24.163072543
    3.138138138   24.266949847   24.266927443   24.266832939
    3.143143143   24.369454324   24.369431917   24.369337164
    3.148148148   24.470943514   24.470921105   24.470826094
    3.153153153   24.571776745   24.571754334   24.571659054
    3.158158158   24.672430982   24.672408572   24.672313013
    3.163163163   24.773490817   24.773468409   24.773372558
    3.168168168   24.875628765   24.875606363   24.875510208
    3.173173173   24.979576696   24.979554304   24.979457831
    3.178178178   25.086090497   25.086068118   25.085971315
    3.183183183   25.195911133   25.195888771   25.195791625
    3.188188188   25.309725867   25.309703526   25.309606025
    3.193193193   25.428133280   25.428110964   25.428013098
    3.198198198   25.551615068   25.551592781   25.551494538
    3.203203203   25.680516408   25.680494154   25.680395526
    3.208208208   25.815035380   25.815013161   25.814914140
    3.213213213   25.955220677   25.955198499   25.955099076
    3.218218218   26.100975952   26.100953818   26.100853987
    3.223223223   26.252068602   26.252046516   26.251946271
    3.228228228   26.408140742   26.408118707   26.408018043
    3.233233233   26.568720294   26.568698315   26.568597226
    3.238238238   26.733230549   26.733208631   26.733107112
    3.243243243   26.900997028   26.900975176   26.900873222
    3.248248248   27.071250950   27.071229169   27.071126775
    3.253253253   27.243129000   27.243107296   27.243004459
    3.258258258   27.415669423   27.415647805   27.415544519
    3.263263263   27.587804701   27.587783177   27.587679438
    3.268268268   27.758351225   27.758329804   27.758225608
    3.273273273   27.925996548   27.925975240   27.925870585
    3.278278278   28.089284899   28.089263717   28.089158601
    3.283283283   28.246601814   28.246580769   28.246475192
    3.288288288   28.396158887   28.396137994   28.396031957
    3.293293293   28.535979895   28.535959169   28.535852675
    3.298298298   28.663889786   28.663869243   28.663762300
    3.303303303   28.777508347   28.777488005   28.777380623
    3.308308308   28.874250656   28.874230530   28.874122727
    3.313313313   28.951336718   28.951316827   28.951208624
    3.318318318   29.005812901   29.005793259   29.005684687
    3.323323323   29.034587790   29.034568411   29.034459512
    3.328328328   29.034484927   29.034465823   29.034356648
    3.333333333   29.002314334   29.002295511   29.002186126
    3.338338338   28.934963805   28.934945263   28.934835752
    3.343343343   28.829509602   28.829491335   28.829381798
    3.348348348   28.683344408   28.683326400   28.683216959
    3.353353353   28.494318349   28.494300573   28.494191371
    3.358358358   28.260886680   28.260869101   28.260760304
    3.363363363   27.982255661   27.982238229   27.982130027
    3.368368368   27.658516416   27.658499069   27.658391674
    3.373373373   27.290755577   27.290738243   27.290631884
    3.378378378   26.881131436   26.881114035   26.881008957
    3.383383383   26.432905544   26.432887987   26.432784446
    3.388388388   25.950422231   25.950404423   25.950302680
    3.393393393   25.439032463   25.439014310   25.438914621
    3.398398398   24.904963368   24.904944776   24.904847386
    3.403403403   24.355139996   24.355120878   24.355026015
    3.408408408   23.796970611   23.796950885   23.796858753
    3.413413413   23.238109946   23.238089542   23.238000316
    3.418418418   22.686216021   22.686194880   22.686108702
    3.423423423   22.148715015   22.148693089   22.148610064
    3.428428428   21.632586025   21.632563283   21.632483478
    3.433433433   21.144174120   21.144150542   21.144073986
    3.438438438   20.689036827   20.689012406   20.688939091
    3.443443443   20.271826761   20.271801503   20.271731385
    3.448448448   19.896211577   19.896185500   19.896118501
    3.453453453   19.564831534   19.564804666   19.564740677
    3.458458458   19.279294263   19.279266640   19.279205525
    3.463463463   19.040205310   19.040176976   19.040118578
    3.468468468   18.847231608   18.847202615   18.847146757
    3.473473473   18.699193279   18.699163682   18.699110176
    3.478478478   18.594177487   18.594147345   18.594095996
    3.483483483   18.529666920   18.529636294   18.529586904
    3.488488488   18.502675086   18.502644039   18.502596414
    3.493493493   18.509881165   18.509849759   18.509803712
    3.498498498   18.547758419   18.547726717   18.547682069
    3.503503504   18.612691914   18.612659977   18.612616565
    3.508508509   18.701083068   18.701050956   18.701008629
    3.513513514   18.809440121   18.809407893   18.809366517
    3.518518519   18.934454651   18.934422364   18.934381819
    3.523523524   19.073064739   19.073032450   19.072992633
    3.528528529   19.222505283   19.222473048   19.222433868
    3.533533534   19.380345408   19.380313279   19.380274658
    3.538538539   19.544512179   19.544480208   19.544442079
    3.543543544   19.713299170   19.713267409   19.713229713
    3.548548549   19.885358160   19.885326656   19.885289340
    3.553553554   20.059672559   20.059641357   20.059604374
    3.558558559   20.235512347   20.235481488   20.235444794
    3.563563564   20.412372014   20.412341533   20.412305085
    3.568568569   20.589895220   20.589865149   20.589828904
    3.573573574   20.767791942   20.767762303   20.767726220
    3.578578579   20.945755379   20.945726190   20.945690226
    3.583583584   21.123386414   21.123357685   21.123321794
    3.588588589   21.300132817   21.300104551   21.300068690
    3.593593594   21.475248796   21.475220991   21.475185113
    3.598598599   21.647778268   21.647750915   21.647714972
    3.603603604   21.816562825   21.816535912   21.816499855
    3.608608609   21.980273195   21.980246705   21.980210483
    3.613613614   22.137461191   22.137435105   22.137398667
    3.618618619   22.286627930   22.286602229   22.286565518
    3.623623624   22.426303143   22.426277807   22.426240763
    3.628628629   22.555129847   22.555104856   22.555067416
    3.633633634   22.671948226   22.671923562   22.671885657
    3.638638639   22.775872488   22.775848134   22.775809690
    3.643643644   22.866354739   22.866330680   22.866291616
    3.648648649   22.943230886   22.943207109   22.943167339
    3.653653654   23.006745170   23.006721665   23.006681096
    3.658658659   23.057552161   23.057528919   23.057487456
    3.663663664   23.096697461   23.096674477   23.096632019
    3.668668669   23.125580502   23.125557771   23.125514217
    3.673673674   23.145904040   23.145881562   23.145836811
    3.678678679   23.159614948   23.159592720   23.159546676
    3.683683684   23.168839721   23.168817744   23.168770316
    3.688688689   23.175816250   23.175794525   23.175745633
    3.693693694   23.182821598   23.182800124   23.182749699
    3.698698699   23.192094627   23.192073405   23.192021393
    3.703703704   23.205752773   23.205731797   23.205678161
    3.708708709   23.225704048   23.225683313   23.225628031
    3.713713714   23.253558000   23.253537496   23.253480565
    3.718718719   23.290541900   23.290521613   23.290463046
    3.723723724   23.337430096   23.337410007   23.337349832
    3.728728729   23.394494589   23.394474674   23.394412933
    3.733733734   23.461483374   23.461463603   23.461400349
    3.738738739   23.537630211   23.537610553   23.537545845
    3.743743744   23.621695960   23.621676375   23.621610281
    3.748748749   23.712038020   23.712018468   23.711951056
    3.753753754   23.806701447   23.806681883   23.806613224
    3.758758759   23.903523130   23.903503509   23.903433671
    3.763763764   24.000239237   24.000219511   24.000148563
    3.768768769   24.094585859   24.094565981   24.094493985
    3.773773774   24.184383453   24.184363378   24.184290394
    3.778778779   24.267597296   24.267576980   24.267503062
    3.783783784   24.342368808   24.342348210   24.342273405
    3.788788789   24.407016299   24.406995382   24.406919729
    3.793793794   24.460008152   24.459986883   24.459910412
    3.798798799   24.499916188   24.499894539   24.499817269
    3.803803804   24.525361130   24.525339079   24.525261018
    3.808808809   24.534964777   24.534942304   24.534863449
    3.813813814   24.527323874   24.527300964   24.527221303
    3.818818819   24.501018427   24.500995068   24.500914578
    3.823823824   24.454662313   24.454638495   24.454557149
    3.828828829   24.386997285   24.386972996   24.386890764
    3.833833834   24.297023716   24.296998946   24.296915799
    3.838838839   24.184153993   24.184128731   24.184044650
    3.843843844   24.048368440   24.048342670   24.048257647
    3.848848849   23.890350208   23.890323912   23.890237958
    3.853853854   23.711575559   23.711548716   23.711461862
    3.858858859   23.514339797   23.514312385   23.514224684
    3.863863864   23.301706690   23.301678684   23.301590215
    3.868868869   23.077379634   23.077351008   23.077261870
    3.873873874   22.845504327   22.845475056   22.845385369
    3.878878879   22.610423246   22.610393307   22.610303207
    3.883883884   22.376409511   22.376378884   22.376288516
    3.888888889   22.147410355   22.147379024   22.147288539
    3.893893894   21.926827966   21.926795921   21.926705468
    3.898898899   21.717358756   21.717325992   21.717235716
    3.903903904   21.520902800   21.520869319   21.520779356
    3.908908909   21.338545434   21.338511244   21.338421717
    3.913913914   21.170604523   21.170569638   21.170480657
    3.918918919   21.016730996   21.016695435   21.016607099
    3.923923924   20.876047207   20.876010993   20.875923387
    3.928928929   20.747307208   20.747270368   20.747183567
    3.933933934   20.629064352   20.629026918   20.628940988
    3.938938939   20.519833747   20.519795751   20.519710754
    3.943943944   20.418239238   20.418200714   20.418116708
    3.948948949   20.323136422   20.323097409   20.323014447
    3.953953954   20.233704769   20.233665302   20.233583438
    3.958958959   20.149503622   20.149463742   20.149383025
    3.963963964   20.070489288   20.070449036   20.070369513
    3.968968969   19.996993541   19.996952960   19.996874671
    3.973973974   19.929667542   19.929626677   19.929549654
    3.978978979   19.869398509   19.869357407   19.869281669
    3.983983984   19.817208587   19.817167296   19.817092852
    3.988988989   19.774145701   19.774104273   19.774031114
    3.993993994   19.741174654   19.741133140   19.741061240
    3.998998999   19.719074142   19.719032594   19.718961909
    4.004004004   19.708342777   19.708301249   19.708231718
    4.009009009   19.709115682   19.709074227   19.709005769
    4.014014014   19.721093250   19.721051923   19.720984440
    4.019019019   19.743485122   19.743443977   19.743377354
    4.024024024   19.774974402   19.774933496   19.774867601
    4.029029029   19.813708668   19.813668058   19.813602748
    4.034034034   19.857324536   19.857284283   19.857219403
    4.039039039   19.903011051   19.902971218   19.902906606
    4.044044044   19.947614130   19.947574784   19.947510274
    4.049049049   19.987780224   19.987741433   19.987676862
    4.054054054   20.020132803   20.020094639   20.020029852
    4.059059059   20.041470882   20.041433415   20.041368271
    4.064064064   20.048974781   20.048938082   20.048872456
    4.069069069   20.040401249   20.040365384   20.040299177
    4.074074074   20.014248136   20.014213168   20.014146308
    4.079079079   19.969868767   19.969834747   19.969767195
    4.084084084   19.907518507   19.907485478   19.907417225
    4.089089089   19.828321424   19.828289414   19.828220481
    4.094094094   19.734153280   19.734122302   19.734052740
    4.099099099   19.627447808   19.627417859   19.627347742
    4.104104104   19.510944554   19.510915614   19.510845032
    4.109109109   19.387406459   19.387378492   19.387307548
    4.114114114   19.259341339   19.259314295   19.259243092
    4.119119119   19.128762013   19.128735830   19.128664470
    4.124124124   18.997014476   18.996989082   18.996917660
    4.129129129   18.864693170   18.864668489   18.864597088
    4.134134134   18.731649219   18.731625172   18.731553864
    4.139139139   18.597083805   18.597060315   18.596989157
    4.144144144   18.459707256   18.459684249   18.459613290
    4.149149149   18.317936418   18.317913829   18.317843105
    4.154154154   18.170099567   18.170077340   18.170006880
    4.159159159   18.014619540   18.014597628   18.014527454
    4.164164164   17.850151534   17.850129903   17.850060032
    4.169169169   17.675661126   17.675639754   17.675570195
    4.174174174   17.490439026   17.490417901   17.490348657
    4.179179179   17.294060070   17.294039189   17.293970255
    4.184184184   17.086302982   17.086282351   17.086213712
    4.189189189   16.867052593   16.867032222   16.866963856
    4.194194194   16.636206573   16.636186477   16.636118350
    4.199199199   16.393604212   16.393584407   16.393516479
    4.204204204   16.138986771   16.138967275   16.138899496
    4.209209209   15.871989556   15.871970385   15.871902703
    4.214214214   15.592157756   15.592138926   15.592071282
    4.219219219   15.298973342   15.298954867   15.298887202
    4.224224224   14.991879974   14.991861866   14.991794120
    4.229229229   14.670296595   14.670278864   14.670210976
    4.234234234   14.333616659   14.333599311   14.333531217
    4.239239239   13.981196408   13.981179445   13.981111080
    4.244244244   13.612340117   13.612323537   13.612254832
    4.249249249   13.226291226   13.226275022   13.226205904
    4.254254254   12.822235667   12.822219826   12.822150215
    4.259259259   12.399318500   12.399303002   12.399232817
    4.264264264   11.956669232   11.956654048   11.956583203
    4.269269269   11.493426987   11.493412082   11.493340489
    4.274274274   11.008755702   11.008741032   11.008668604
    4.279279279   10.501842056   10.501827569   10.501754221
    4.284284284    9.971874384    9.971860021    9.971785669
    4.289289289    9.418007521    9.417993217    9.417917783
    4.294294294    8.839324484    8.839310167    8.839233577
    4.299299299    8.234809182    8.234794779    8.234716967
    4.304304304    7.603343993    7.603329429    7.603250334
    4.309309309    6.943741883    6.943727081    6.943646652
    4.314314314    6.254815899    6.254800787    6.254718984
    4.319319319    5.535481137    5.535465646    5.535382439
    4.324324324    4.784877708    4.784861777    4.784777150
    4.329329329    4.002499821    4.002483399    4.002397351
    4.334334334    3.188316662    3.188299707    3.188212254
    4.339339339    2.342875025    2.342857513    2.342768684
    4.344344344    1.467380231    1.467362149    1.467271992
    4.349349349    0.563758266    0.563739620    0.563648199
    4.354354354   -0.365293832   -0.365313021   -0.365405625
    4.359359359   -1.316262410   -1.316282107   -1.316375795
    4.364364364   -2.284773899   -2.284794053   -2.284888708
    4.369369369   -3.265558853   -3.265579404   -3.265674890
    4.374374374   -4.252436742   -4.252457618   -4.252553780
    4.379379379   -5.238341086   -5.238362211   -5.238458875
    4.384384384   -6.215405964   -6.215427258   -6.215524235
    4.389389389   -7.175130222   -7.175151607   -7.175248694
    4.394394394   -8.108625331   -8.108646730   -8.108743718
    4.399399399   -9.006938714   -9.006960055   -9.007056735
    4.404404404   -9.861429761   -9.861450982   -9.861547153
    4.409409409  -10.664164089  -10.664185136  -10.664280612
    4.414414414  -11.408285569  -11.408306399  -11.408401018
    4.419419419  -12.088326650  -12.088347232  -12.088440861
    4.424424424  -12.700425038  -12.700445350  -12.700537888
    4.429429429  -13.242427161  -13.242447195  -13.242538575
    4.434434434  -13.713873458  -13.713893217  -13.713983406
    4.439439439  -14.115874634  -14.115894132  -14.115983126
    4.444444444  -14.450899506  -14.450918766  -14.451006589
    4.449449449  -14.722502541  -14.722521593  -14.722608291
    4.454454454  -14.935022236  -14.935041118  -14.935126751
    4.459459459  -15.093280338  -15.093299096  -15.093383734
    4.464464464  -15.202307405  -15.202326084  -15.202409802
    4.469469469  -15.267113332  -15.267131984  -15.267214855
    4.474474474  -15.292513425  -15.292532101  -15.292614193
    4.479479479  -15.283012363  -15.283031112  -15.283112484
    4.484484484  -15.242741186  -15.242760053  -15.242840754
    4.489489489  -15.175436986  -15.175456014  -15.175536077
    4.494494494  -15.084451997  -15.084471222  -15.084550669
    4.499499499  -14.972778417  -14.972797869  -14.972876705
    4.504504505  -14.843077345  -14.843097049  -14.843175268
    4.509509510  -14.697703945  -14.697723917  -14.697801502
    4.514514515  -14.538725411  -14.538745663  -14.538822587
    4.519519520  -14.367932547  -14.367953084  -14.368029314
    4.524524525  -14.186848876  -14.186869701  -14.186945201
    4.529529530  -13.996742762  -13.996763873  -13.996838608
    4.534534535  -13.798647874  -13.798669268  -13.798743205
    4.539539540  -13.593395725  -13.593417395  -13.593490511
    4.544544545  -13.381661378  -13.381683317  -13.381755595
    4.549549550  -13.164020418  -13.164042617  -13.164114054
    4.554554555  -12.941012553  -12.941035004  -12.941105609
    4.559559560  -12.713205279  -12.713227972  -12.713297767
    4.564564565  -12.481250371  -12.481273295  -12.481342316
    4.569569570  -12.245926590  -12.245949736  -12.246018030
    4.574574575  -12.008163773  -12.008187129  -12.008254754
    4.579579580  -11.769045905  -11.769069460  -11.769136482
    4.584584585  -11.529793444  -11.529817187  -11.529883680
    4.589589590  -11.291727415  -11.291751334  -11.291817377
    4.594594595  -11.056219410  -11.056243492  -11.056309167
    4.599599600  -10.824632414  -10.824656646  -10.824722036
    4.604604605  -10.598257402  -10.598281770  -10.598346959
    4.609609610  -10.378250131  -10.378274621  -10.378339691
    4.614614615  -10.165571678  -10.165596275  -10.165661307
    4.619619620   -9.960935429   -9.960960116   -9.961025189
    4.624624625   -9.764762525   -9.764787286   -9.764852476
    4.629629630   -9.577147478   -9.577172295   -9.577237673
    4.634634635   -9.397835718   -9.397860573   -9.397926206
    4.639639640   -9.226215197   -9.226240071   -9.226306024
    4.644644645   -9.061324431   -9.061349306   -9.061415636
    4.649649650   -8.901879174   -8.901904030   -8.901970790
    4.654654655   -8.746318998   -8.746343817   -8.746411051
    4.659659660   -8.592873190   -8.592897953   -8.592965699
    4.664664665   -8.439642924   -8.439667613   -8.439735902
    4.669669670   -8.284694074   -8.284718673   -8.284787529
    4.674674675   -8.126153085   -8.126177578   -8.126247016
    4.679679680   -7.962297446   -7.962321821   -7.962391848
    4.684684685   -7.791633000   -7.791657245   -7.791727863
    4.689689690   -7.612952150   -7.612976256   -7.613047460
    4.694694695   -7.425369779   -7.425393741   -7.425465519
    4.699699700   -7.228336530   -7.228360342   -7.228432679
    4.704704705   -7.021631602   -7.021655263   -7.021728138
    4.709709710   -6.805338945   -6.805362456   -6.805435845
    4.714714715   -6.579811605   -6.579834966   -6.579908845
    4.719719720   -6.345629075   -6.345652290   -6.345726631
    4.724724725   -6.103552062   -6.103575135   -6.103649910
    4.729729730   -5.854478279   -5.854501214   -5.854576394
    4.734734735   -5.599401950   -5.599424753   -5.599500309
    4.739739740   -5.339378831   -5.339401506   -5.339477412
    4.744744745   -5.075497637   -5.075520192   -5.075596420
    4.749749750   -4.808858075   -4.808880513   -4.808957039
    4.754754755   -4.540554944   -4.540577271   -4.540654072
    4.759759760   -4.271667301   -4.271689523   -4.271766574
    4.764764765   -4.003251217   -4.003273338   -4.003350618
    4.769769770   -3.736334508   -3.736356536   -3.736434023
    4.774774775   -3.471911816   -3.471933757   -3.472011430
    4.779779780   -3.210938659   -3.210960520   -3.211038358
    4.784784785   -2.954323553   -2.954345342   -2.954423321
    4.789789790   -2.702917852   -2.702939578   -2.703017676
    4.794794795   -2.457503600   -2.457525274   -2.457603465
    4.799799800   -2.218780156   -2.218801789   -2.218880047
    4.804804805   -1.987350661   -1.987372265   -1.987450562
    4.809809810   -1.763709379   -1.763730968   -1.763809275
    4.814814815   -1.548230583   -1.548252172   -1.548330459
    4.819819820   -1.341159055   -1.341180661   -1.341258896
    4.824824825   -1.142601602   -1.142623240   -1.142701394
    4.829829830   -0.952518527   -0.952540216   -0.952618258
    4.834834835   -0.770714033   -0.770735790   -0.770813694
    4.839839840   -0.596825146   -0.596846988   -0.596924730
    4.844844845   -0.430310031   -0.430331974   -0.430409535
    4.849849850   -0.270438138   -0.270460199   -0.270537561
    4.854854855   -0.116286053   -0.116308246   -0.116385400
    4.859859860    0.033256276    0.033233938    0.033156997
    4.864864865    0.179464656    0.179442162    0.179365435
    4.869869870    0.323742411    0.323719753    0.323643233
    4.874874875    0.467564814    0.467541985    0.467465661
    4.879879880    0.612409397    0.612386394    0.612310249
    4.884884885    0.759678268    0.759655089    0.759579103
    4.889889890    0.910620451    0.910597096    0.910521243
    4.894894895    1.066262617    1.066239088    1.066163340
    4.899899900    1.227355362    1.227331660    1.227255987
    4.904904905    1.394339673    1.394315803    1.394240172
    4.909909910    1.567335156    1.567311119    1.567235500
    4.914914915    1.746148574    1.746124372    1.746048732
    4.919919920    1.930298945    1.930274579    1.930198888
    4.924924925    2.119054155    2.119029622    2.118953852
    4.929929930    2.311473745    2.311449041    2.311373165
    4.934934935    2.506453180    2.506428299    2.506352294
    4.939939940    2.702766027    2.702740961    2.702664807
    4.944944945    2.899101786    2.899076523    2.899000204
    4.949949950    3.094098359    3.094072888    3.093996390
    4.954954955    3.286369021    3.286343328    3.286266641
    4.959959960    3.474524192    3.474498264    3.474421383
    4.964964965    3.657188481    3.657162304    3.657085226
    4.969969970    3.833013259    3.832986822    3.832909546
    4.974974975    4.000684977    4.000658268    4.000580798
    4.979979980    4.158929460    4.158902470    4.158824813
    4.984984985    4.306512878    4.306485599    4.306407763
    4.989989990    4.442240856    4.442213284    4.442135281
    4.994994995    4.564958149    4.564930278    4.564852123
    5.000000000    4.673552069    4.673523897    4.673445604
