# energy grid [eV]     ieps_x  ieps_y  ieps_z
#
    0.000000000    7.375585287    7.375585535    7.375581897
    0.005005005    7.375239448    7.375239696    7.375236058
    0.010010010    7.374721495    7.374721743    7.374718106
    0.015015015    7.374181971    7.374182220    7.374178583
    0.020020020    7.373622700    7.373622949    7.373619313
    0.025025025    7.373043698    7.373043947    7.373040312
    0.030030030    7.372444977    7.372445226    7.372441591
    0.035035035    7.371826545    7.371826794    7.371823160
    0.040040040    7.371188415    7.371188664    7.371185031
    0.045045045    7.370530597    7.370530846    7.370527214
    0.050050050    7.369853104    7.369853354    7.369849722
    0.055055055    7.369155948    7.369156198    7.369152567
    0.060060060    7.368439141    7.368439391    7.368435761
    0.065065065    7.367702697    7.367702947    7.367699318
    0.070070070    7.366946628    7.366946878    7.366943250
    0.075075075    7.366170948    7.366171198    7.366167571
    0.080080080    7.365375672    7.365375922    7.365372296
    0.085085085    7.364560814    7.364561064    7.364557438
    0.090090090    7.363726388    7.363726638    7.363723013
    0.095095095    7.362872410    7.362872660    7.362869036
    0.100100100    7.361998895    7.361999145    7.361995523
    0.105105105    7.361105860    7.361106110    7.361102488
    0.110110110    7.360193320    7.360193570    7.360189949
    0.115115115    7.359261292    7.359261543    7.359257923
    0.120120120    7.358309794    7.358310044    7.358306426
    0.125125125    7.357338842    7.357339093    7.357335475
    0.130130130    7.356348455    7.356348706    7.356345089
    0.135135135    7.355338651    7.355338901    7.355335285
    0.140140140    7.354309447    7.354309698    7.354306083
    0.145145145    7.353260864    7.353261115    7.353257501
    0.150150150    7.352192920    7.352193170    7.352189558
    0.155155155    7.351105634    7.351105885    7.351102274
    0.160160160    7.349999028    7.349999279    7.349995668
    0.165165165    7.348873120    7.348873371    7.348869762
    0.170170170    7.347727932    7.347728183    7.347724575
    0.175175175    7.346563486    7.346563737    7.346560129
    0.180180180    7.345379801    7.345380052    7.345376446
    0.185185185    7.344176900    7.344177151    7.344173546
    0.190190190    7.342954805    7.342955056    7.342951453
    0.195195195    7.341713539    7.341713790    7.341710188
    0.200200200    7.340453124    7.340453376    7.340449774
    0.205205205    7.339173584    7.339173835    7.339170235
    0.210210210    7.337874942    7.337875193    7.337871594
    0.215215215    7.336557222    7.336557473    7.336553875
    0.220220220    7.335220447    7.335220699    7.335217102
    0.225225225    7.333864644    7.333864895    7.333861300
    0.230230230    7.332489836    7.332490087    7.332486494
    0.235235235    7.331096049    7.331096300    7.331092708
    0.240240240    7.329683308    7.329683560    7.329679969
    0.245245245    7.328251640    7.328251891    7.328248302
    0.250250250    7.326801070    7.326801322    7.326797734
    0.255255255    7.325331626    7.325331878    7.325328291
    0.260260260    7.323843334    7.323843586    7.323840000
    0.265265265    7.322336222    7.322336474    7.322332889
    0.270270270    7.320810317    7.320810569    7.320806986
    0.275275275    7.319265647    7.319265899    7.319262317
    0.280280280    7.317702241    7.317702492    7.317698912
    0.285285285    7.316120127    7.316120378    7.316116799
    0.290290290    7.314519334    7.314519585    7.314516008
    0.295295295    7.312899891    7.312900143    7.312896567
    0.300300300    7.311261828    7.311262080    7.311258506
    0.305305305    7.309605176    7.309605428    7.309601855
    0.310310310    7.307929964    7.307930215    7.307926644
    0.315315315    7.306236222    7.306236474    7.306232904
    0.320320320    7.304523983    7.304524235    7.304520666
    0.325325325    7.302793276    7.302793528    7.302789961
    0.330330330    7.301044135    7.301044387    7.301040821
    0.335335335    7.299276590    7.299276841    7.299273277
    0.340340340    7.297490673    7.297490925    7.297487363
    0.345345345    7.295686418    7.295686670    7.295683109
    0.350350350    7.293863857    7.293864109    7.293860550
    0.355355355    7.292023023    7.292023275    7.292019717
    0.360360360    7.290163950    7.290164202    7.290160646
    0.365365365    7.288286672    7.288286923    7.288283369
    0.370370370    7.286391222    7.286391473    7.286387921
    0.375375375    7.284477634    7.284477886    7.284474335
    0.380380380    7.282545945    7.282546197    7.282542647
    0.385385385    7.280596188    7.280596440    7.280592892
    0.390390390    7.278628399    7.278628651    7.278625105
    0.395395395    7.276642613    7.276642865    7.276639321
    0.400400400    7.274638867    7.274639119    7.274635576
    0.405405405    7.272617196    7.272617448    7.272613907
    0.410410410    7.270577637    7.270577889    7.270574350
    0.415415415    7.268520227    7.268520479    7.268516942
    0.420420420    7.266445003    7.266445255    7.266441719
    0.425425425    7.264352002    7.264352254    7.264348720
    0.430430430    7.262241262    7.262241513    7.262237981
    0.435435435    7.260112820    7.260113072    7.260109541
    0.440440440    7.257966715    7.257966967    7.257963438
    0.445445445    7.255802986    7.255803237    7.255799711
    0.450450450    7.253621670    7.253621922    7.253618397
    0.455455455    7.251422808    7.251423060    7.251419537
    0.460460460    7.249206439    7.249206690    7.249203169
    0.465465465    7.246972601    7.246972853    7.246969333
    0.470470470    7.244721335    7.244721587    7.244718069
    0.475475475    7.242452682    7.242452933    7.242449418
    0.480480480    7.240166681    7.240166932    7.240163418
    0.485485485    7.237863373    7.237863624    7.237860112
    0.490490490    7.235542799    7.235543050    7.235539540
    0.495495495    7.233205000    7.233205251    7.233201743
    0.500500501    7.230850018    7.230850269    7.230846763
    0.505505506    7.228477895    7.228478146    7.228474642
    0.510510511    7.226088672    7.226088923    7.226085421
    0.515515516    7.223682391    7.223682642    7.223679142
    0.520520521    7.221259096    7.221259347    7.221255849
    0.525525526    7.218818829    7.218819080    7.218815584
    0.530530531    7.216361632    7.216361883    7.216358389
    0.535535536    7.213887550    7.213887801    7.213884309
    0.540540541    7.211396626    7.211396877    7.211393387
    0.545545546    7.208888903    7.208889154    7.208885665
    0.550550551    7.206364425    7.206364676    7.206361190
    0.555555556    7.203823237    7.203823487    7.203820004
    0.560560561    7.201265383    7.201265633    7.201262151
    0.565565566    7.198690907    7.198691158    7.198687678
    0.570570571    7.196099855    7.196100106    7.196096628
    0.575575576    7.193492273    7.193492523    7.193489048
    0.580580581    7.190868204    7.190868454    7.190864981
    0.585585586    7.188227695    7.188227946    7.188224474
    0.590590591    7.185570792    7.185571042    7.185567573
    0.595595596    7.182897541    7.182897791    7.182894324
    0.600600601    7.180207988    7.180208238    7.180204773
    0.605605606    7.177502179    7.177502429    7.177498967
    0.610610611    7.174780162    7.174780412    7.174776951
    0.615615616    7.172041983    7.172042233    7.172038775
    0.620620621    7.169287689    7.169287939    7.169284483
    0.625625626    7.166517329    7.166517579    7.166514125
    0.630630631    7.163730949    7.163731199    7.163727747
    0.635635636    7.160928597    7.160928847    7.160925397
    0.640640641    7.158110321    7.158110571    7.158107124
    0.645645646    7.155276170    7.155276420    7.155272975
    0.650650651    7.152426192    7.152426442    7.152422999
    0.655655656    7.149560436    7.149560685    7.149557245
    0.660660661    7.146678950    7.146679199    7.146675761
    0.665665666    7.143781783    7.143782032    7.143778597
    0.670670671    7.140868985    7.140869234    7.140865801
    0.675675676    7.137940605    7.137940854    7.137937423
    0.680680681    7.134996692    7.134996942    7.134993513
    0.685685686    7.132037297    7.132037546    7.132034120
    0.690690691    7.129062470    7.129062719    7.129059294
    0.695695696    7.126072260    7.126072508    7.126069087
    0.700700701    7.123066717    7.123066966    7.123063547
    0.705705706    7.120045893    7.120046142    7.120042725
    0.710710711    7.117009839    7.117010087    7.117006673
    0.715715716    7.113958604    7.113958853    7.113955440
    0.720720721    7.110892240    7.110892489    7.110889079
    0.725725726    7.107810799    7.107811047    7.107807640
    0.730730731    7.104714331    7.104714579    7.104711174
    0.735735736    7.101602888    7.101603136    7.101599734
    0.740740741    7.098476523    7.098476771    7.098473370
    0.745745746    7.095335286    7.095335534    7.095332136
    0.750750751    7.092179230    7.092179478    7.092176082
    0.755755756    7.089008407    7.089008654    7.089005262
    0.760760761    7.085822869    7.085823117    7.085819726
    0.765765766    7.082622670    7.082622917    7.082619529
    0.770770771    7.079407861    7.079408108    7.079404723
    0.775775776    7.076178495    7.076178743    7.076175360
    0.780780781    7.072934626    7.072934874    7.072931493
    0.785785786    7.069676307    7.069676554    7.069673176
    0.790790791    7.066403590    7.066403837    7.066400462
    0.795795796    7.063116530    7.063116777    7.063113404
    0.800800801    7.059815180    7.059815426    7.059812056
    0.805805806    7.056499593    7.056499839    7.056496472
    0.810810811    7.053169823    7.053170070    7.053166705
    0.815815816    7.049825925    7.049826171    7.049822809
    0.820820821    7.046467952    7.046468198    7.046464838
    0.825825826    7.043095958    7.043096205    7.043092847
    0.830830831    7.039709999    7.039710245    7.039706891
    0.835835836    7.036310128    7.036310374    7.036307022
    0.840840841    7.032896400    7.032896646    7.032893297
    0.845845846    7.029468870    7.029469116    7.029465769
    0.850850851    7.026027593    7.026027839    7.026024495
    0.855855856    7.022572623    7.022572869    7.022569527
    0.860860861    7.019104016    7.019104262    7.019100923
    0.865865866    7.015621827    7.015622072    7.015618736
    0.870870871    7.012126111    7.012126356    7.012123023
    0.875875876    7.008616924    7.008617169    7.008613838
    0.880880881    7.005094320    7.005094566    7.005091237
    0.885885886    7.001558357    7.001558602    7.001555276
    0.890890891    6.998009089    6.998009334    6.998006011
    0.895895896    6.994446572    6.994446817    6.994443497
    0.900900901    6.990870863    6.990871108    6.990867790
    0.905905906    6.987282017    6.987282261    6.987278947
    0.910910911    6.983680090    6.983680335    6.983677023
    0.915915916    6.980065139    6.980065384    6.980062074
    0.920920921    6.976437220    6.976437465    6.976434158
    0.925925926    6.972796390    6.972796634    6.972793330
    0.930930931    6.969142704    6.969142948    6.969139647
    0.935935936    6.965476220    6.965476464    6.965473165
    0.940940941    6.961796994    6.961797237    6.961793942
    0.945945946    6.958105083    6.958105326    6.958102033
    0.950950951    6.954400543    6.954400786    6.954397496
    0.955955956    6.950683432    6.950683675    6.950680388
    0.960960961    6.946953806    6.946954049    6.946950765
    0.965965966    6.943211723    6.943211966    6.943208685
    0.970970971    6.939457240    6.939457483    6.939454204
    0.975975976    6.935690414    6.935690657    6.935687381
    0.980980981    6.931911302    6.931911544    6.931908271
    0.985985986    6.928119961    6.928120203    6.928116933
    0.990990991    6.924316449    6.924316692    6.924313424
    0.995995996    6.920500824    6.920501066    6.920497801
    1.001001001    6.916673142    6.916673384    6.916670122
    1.006006006    6.912833462    6.912833704    6.912830445
    1.011011011    6.908981840    6.908982082    6.908978826
    1.016016016    6.905118336    6.905118577    6.905115324
    1.021021021    6.901243005    6.901243247    6.901239997
    1.026026026    6.897355907    6.897356149    6.897352901
    1.031031031    6.893457099    6.893457340    6.893454096
    1.036036036    6.889546639    6.889546880    6.889543639
    1.041041041    6.885624584    6.885624825    6.885621587
    1.046046046    6.881690994    6.881691234    6.881687999
    1.051051051    6.877745925    6.877746165    6.877742933
    1.056056056    6.873789435    6.873789676    6.873786446
    1.061061061    6.869821584    6.869821824    6.869818597
    1.066066066    6.865842428    6.865842668    6.865839445
    1.071071071    6.861852027    6.861852267    6.861849046
    1.076076076    6.857850438    6.857850678    6.857847460
    1.081081081    6.853837719    6.853837959    6.853834744
    1.086086086    6.849813929    6.849814169    6.849810957
    1.091091091    6.845779126    6.845779365    6.845776156
    1.096096096    6.841733368    6.841733607    6.841730401
    1.101101101    6.837676714    6.837676953    6.837673750
    1.106106106    6.833609221    6.833609460    6.833606260
    1.111111111    6.829530949    6.829531188    6.829527991
    1.116116116    6.825441955    6.825442194    6.825439000
    1.121121121    6.821342298    6.821342536    6.821339346
    1.126126126    6.817232036    6.817232275    6.817229087
    1.131131131    6.813111228    6.813111466    6.813108282
    1.136136136    6.808979932    6.808980170    6.808976989
    1.141141141    6.804838207    6.804838445    6.804835266
    1.146146146    6.800686110    6.800686348    6.800683172
    1.151151151    6.796523701    6.796523939    6.796520766
    1.156156156    6.792351038    6.792351275    6.792348105
    1.161161161    6.788168178    6.788168415    6.788165249
    1.166166166    6.783975182    6.783975419    6.783972255
    1.171171171    6.779772106    6.779772343    6.779769182
    1.176176176    6.775559010    6.775559246    6.775556089
    1.181181181    6.771335951    6.771336188    6.771333034
    1.186186186    6.767102989    6.767103225    6.767100074
    1.191191191    6.762860181    6.762860418    6.762857270
    1.196196196    6.758607587    6.758607823    6.758604678
    1.201201201    6.754345264    6.754345499    6.754342358
    1.206206206    6.750073270    6.750073506    6.750070367
    1.211211211    6.745791665    6.745791900    6.745788765
    1.216216216    6.741500506    6.741500741    6.741497609
    1.221221221    6.737199852    6.737200087    6.737196958
    1.226226226    6.732889760    6.732889995    6.732886869
    1.231231231    6.728570290    6.728570525    6.728567402
    1.236236236    6.724241500    6.724241734    6.724238615
    1.241241241    6.719903447    6.719903681    6.719900565
    1.246246246    6.715556190    6.715556424    6.715553311
    1.251251251    6.711199787    6.711200021    6.711196911
    1.256256256    6.706834296    6.706834530    6.706831423
    1.261261261    6.702459776    6.702460009    6.702456905
    1.266266266    6.698076283    6.698076517    6.698073416
    1.271271271    6.693683877    6.693684111    6.693681013
    1.276276276    6.689282616    6.689282849    6.689279754
    1.281281281    6.684872556    6.684872789    6.684869698
    1.286286286    6.680453757    6.680453990    6.680450901
    1.291291291    6.676026275    6.676026508    6.676023423
    1.296296296    6.671590170    6.671590402    6.671587321
    1.301301301    6.667145498    6.667145730    6.667142652
    1.306306306    6.662692318    6.662692550    6.662689474
    1.311311311    6.658230686    6.658230918    6.658227846
    1.316316316    6.653760661    6.653760893    6.653757824
    1.321321321    6.649282301    6.649282532    6.649279466
    1.326326326    6.644795662    6.644795893    6.644792831
    1.331331331    6.640300803    6.640301034    6.640297974
    1.336336336    6.635797780    6.635798011    6.635794955
    1.341341341    6.631286651    6.631286882    6.631283829
    1.346346346    6.626767474    6.626767705    6.626764655
    1.351351351    6.622240306    6.622240536    6.622237490
    1.356356356    6.617705203    6.617705433    6.617702390
    1.361361361    6.613162223    6.613162454    6.613159413
    1.366366366    6.608611424    6.608611654    6.608608617
    1.371371371    6.604052862    6.604053091    6.604050058
    1.376376376    6.599486593    6.599486823    6.599483792
    1.381381381    6.594912676    6.594912905    6.594909878
    1.386386386    6.590331166    6.590331395    6.590328372
    1.391391391    6.585742121    6.585742350    6.585739330
    1.396396396    6.581145597    6.581145826    6.581142809
    1.401401401    6.576541651    6.576541880    6.576538866
    1.406406406    6.571930339    6.571930568    6.571927557
    1.411411411    6.567311718    6.567311946    6.567308939
    1.416416416    6.562685844    6.562686072    6.562683068
    1.421421421    6.558052774    6.558053002    6.558050001
    1.426426426    6.553412563    6.553412791    6.553409793
    1.431431431    6.548765268    6.548765496    6.548762501
    1.436436436    6.544110945    6.544111172    6.544108181
    1.441441441    6.539449650    6.539449877    6.539446889
    1.446446446    6.534781439    6.534781666    6.534778681
    1.451451451    6.530106367    6.530106594    6.530103613
    1.456456456    6.525424491    6.525424717    6.525421739
    1.461461461    6.520735866    6.520736092    6.520733117
    1.466466466    6.516040547    6.516040773    6.516037802
    1.471471471    6.511338590    6.511338816    6.511335848
    1.476476476    6.506630051    6.506630277    6.506627312
    1.481481481    6.501914984    6.501915210    6.501912249
    1.486486486    6.497193446    6.497193671    6.497190713
    1.491491491    6.492465490    6.492465715    6.492462761
    1.496496496    6.487731173    6.487731398    6.487728446
    1.501501502    6.482990549    6.482990773    6.482987825
    1.506506507    6.478243672    6.478243896    6.478240952
    1.511511512    6.473490598    6.473490822    6.473487881
    1.516516517    6.468731381    6.468731605    6.468728667
    1.521521522    6.463966076    6.463966299    6.463963365
    1.526526527    6.459194736    6.459194960    6.459192029
    1.531531532    6.454417418    6.454417641    6.454414713
    1.536536537    6.449634174    6.449634397    6.449631472
    1.541541542    6.444845059    6.444845282    6.444842360
    1.546546547    6.440050126    6.440050349    6.440047431
    1.551551552    6.435249431    6.435249653    6.435246739
    1.556556557    6.430443026    6.430443248    6.430440337
    1.561561562    6.425630965    6.425631187    6.425628279
    1.566566567    6.420813302    6.420813524    6.420810620
    1.571571572    6.415990091    6.415990312    6.415987411
    1.576576577    6.411161384    6.411161605    6.411158708
    1.581581582    6.406327235    6.406327456    6.406324562
    1.586586587    6.401487697    6.401487918    6.401485027
    1.591591592    6.396642824    6.396643045    6.396640157
    1.596596597    6.391792667    6.391792888    6.391790003
    1.601601602    6.386937281    6.386937501    6.386934620
    1.606606607    6.382076717    6.382076937    6.382074059
    1.611611612    6.377211028    6.377211248    6.377208374
    1.616616617    6.372340267    6.372340487    6.372337616
    1.621621622    6.367464485    6.367464705    6.367461837
    1.626626627    6.362583736    6.362583956    6.362581092
    1.631631632    6.357698072    6.357698291    6.357695430
    1.636636637    6.352807543    6.352807763    6.352804905
    1.641641642    6.347912203    6.347912422    6.347909568
    1.646646647    6.343012103    6.343012322    6.343009471
    1.651651652    6.338107294    6.338107513    6.338104665
    1.656656657    6.333197829    6.333198047    6.333195203
    1.661661662    6.328283757    6.328283975    6.328281135
    1.666666667    6.323365132    6.323365349    6.323362512
    1.671671672    6.318442003    6.318442220    6.318439386
    1.676676677    6.313514422    6.313514639    6.313511809
    1.681681682    6.308582439    6.308582656    6.308579829
    1.686686687    6.303646106    6.303646323    6.303643499
    1.691691692    6.298705473    6.298705690    6.298702869
    1.696696697    6.293760590    6.293760807    6.293757990
    1.701701702    6.288811509    6.288811725    6.288808911
    1.706706707    6.283858278    6.283858494    6.283855684
    1.711711712    6.278900948    6.278901164    6.278898357
    1.716716717    6.273939570    6.273939785    6.273936982
    1.721721722    6.268974192    6.268974408    6.268971608
    1.726726727    6.264004865    6.264005081    6.264002284
    1.731731732    6.259031639    6.259031854    6.259029060
    1.736736737    6.254054561    6.254054776    6.254051986
    1.741741742    6.249073683    6.249073898    6.249071111
    1.746746747    6.244089053    6.244089267    6.244086484
    1.751751752    6.239100720    6.239100934    6.239098154
    1.756756757    6.234108732    6.234108946    6.234106170
    1.761761762    6.229113140    6.229113354    6.229110581
    1.766766767    6.224113991    6.224114204    6.224111435
    1.771771772    6.219111333    6.219111547    6.219108780
    1.776776777    6.214105216    6.214105429    6.214102666
    1.781781782    6.209095687    6.209095900    6.209093140
    1.786786787    6.204082794    6.204083007    6.204080251
    1.791791792    6.199066585    6.199066798    6.199064045
    1.796796797    6.194047109    6.194047321    6.194044572
    1.801801802    6.189024412    6.189024624    6.189021878
    1.806806807    6.183998542    6.183998754    6.183996011
    1.811811812    6.178969546    6.178969758    6.178967019
    1.816816817    6.173937473    6.173937684    6.173934948
    1.821821822    6.168902367    6.168902579    6.168899847
    1.826826827    6.163864278    6.163864489    6.163861760
    1.831831832    6.158823251    6.158823461    6.158820736
    1.836836837    6.153779332    6.153779543    6.153776821
    1.841841842    6.148732570    6.148732780    6.148730061
    1.846846847    6.143683009    6.143683219    6.143680504
    1.851851852    6.138630695    6.138630905    6.138628194
    1.856856857    6.133575676    6.133575886    6.133573178
    1.861861862    6.128517997    6.128518207    6.128515502
    1.866866867    6.123457703    6.123457913    6.123455211
    1.871871872    6.118394841    6.118395050    6.118392352
    1.876876877    6.113329455    6.113329664    6.113326969
    1.881881882    6.108261591    6.108261800    6.108259109
    1.886886887    6.103191294    6.103191503    6.103188815
    1.891891892    6.098118610    6.098118818    6.098116133
    1.896896897    6.093043582    6.093043790    6.093041109
    1.901901902    6.087966255    6.087966463    6.087963785
    1.906906907    6.082886675    6.082886883    6.082884208
    1.911911912    6.077804886    6.077805093    6.077802422
    1.916916917    6.072720931    6.072721138    6.072718470
    1.921921922    6.067634855    6.067635062    6.067632398
    1.926926927    6.062546702    6.062546908    6.062544248
    1.931931932    6.057456515    6.057456722    6.057454064
    1.936936937    6.052364339    6.052364545    6.052361891
    1.941941942    6.047270216    6.047270422    6.047267772
    1.946946947    6.042174191    6.042174397    6.042171749
    1.951951952    6.037076305    6.037076511    6.037073867
    1.956956957    6.031976603    6.031976809    6.031974168
    1.961961962    6.026875127    6.026875332    6.026872695
    1.966966967    6.021771920    6.021772125    6.021769491
    1.971971972    6.016667024    6.016667229    6.016664599
    1.976976977    6.011560482    6.011560687    6.011558060
    1.981981982    6.006452337    6.006452541    6.006449917
    1.986986987    6.001342629    6.001342833    6.001340213
    1.991991992    5.996231401    5.996231605    5.996228988
    1.996996997    5.991118695    5.991118899    5.991116285
    2.002002002    5.986004553    5.986004756    5.986002146
    2.007007007    5.980889016    5.980889219    5.980886612
    2.012012012    5.975772125    5.975772327    5.975769724
    2.017017017    5.970653921    5.970654124    5.970651524
    2.022022022    5.965534446    5.965534648    5.965532052
    2.027027027    5.960413740    5.960413942    5.960411349
    2.032032032    5.955291844    5.955292046    5.955289457
    2.037037037    5.950168799    5.950169001    5.950166415
    2.042042042    5.945044645    5.945044847    5.945042264
    2.047047047    5.939919422    5.939919623    5.939917044
    2.052052052    5.934793170    5.934793371    5.934790795
    2.057057057    5.929665930    5.929666130    5.929663558
    2.062062062    5.924537740    5.924537940    5.924535371
    2.067067067    5.919408641    5.919408841    5.919406275
    2.072072072    5.914278672    5.914278872    5.914276309
    2.077077077    5.909147872    5.909148071    5.909145512
    2.082082082    5.904016280    5.904016480    5.904013924
    2.087087087    5.898883936    5.898884135    5.898881583
    2.092092092    5.893750878    5.893751077    5.893748528
    2.097097097    5.888617144    5.888617343    5.888614797
    2.102102102    5.883482774    5.883482973    5.883480431
    2.107107107    5.878347806    5.878348004    5.878345465
    2.112112112    5.873212277    5.873212476    5.873209940
    2.117117117    5.868076227    5.868076425    5.868073892
    2.122122122    5.862939692    5.862939890    5.862937361
    2.127127127    5.857802710    5.857802908    5.857800382
    2.132132132    5.852665319    5.852665517    5.852662995
    2.137137137    5.847527557    5.847527754    5.847525235
    2.142142142    5.842389461    5.842389658    5.842387142
    2.147147147    5.837251067    5.837251263    5.837248751
    2.152152152    5.832112412    5.832112609    5.832110100
    2.157157157    5.826973534    5.826973730    5.826971225
    2.162162162    5.821834469    5.821834665    5.821832163
    2.167167167    5.816695253    5.816695449    5.816692950
    2.172172172    5.811555923    5.811556119    5.811553623
    2.177177177    5.806416515    5.806416710    5.806414218
    2.182182182    5.801277064    5.801277260    5.801274771
    2.187187187    5.796137608    5.796137803    5.796135317
    2.192192192    5.790998180    5.790998375    5.790995892
    2.197197197    5.785858817    5.785859012    5.785856533
    2.202202202    5.780719554    5.780719748    5.780717273
    2.207207207    5.775580427    5.775580621    5.775578148
    2.212212212    5.770441469    5.770441663    5.770439194
    2.217217217    5.765302717    5.765302911    5.765300445
    2.222222222    5.760164205    5.760164398    5.760161936
    2.227227227    5.755025967    5.755026160    5.755023701
    2.232232232    5.749888038    5.749888231    5.749885775
    2.237237237    5.744750452    5.744750644    5.744748192
    2.242242242    5.739613243    5.739613435    5.739610986
    2.247247247    5.734476445    5.734476637    5.734474191
    2.252252252    5.729340091    5.729340284    5.729337841
    2.257257257    5.724204217    5.724204409    5.724201969
    2.262262262    5.719068854    5.719069046    5.719066610
    2.267267267    5.713934036    5.713934228    5.713931795
    2.272272272    5.708799797    5.708799988    5.708797559
    2.277277277    5.703666169    5.703666360    5.703663934
    2.282282282    5.698533185    5.698533376    5.698530953
    2.287287287    5.693400878    5.693401068    5.693398649
    2.292292292    5.688269280    5.688269470    5.688267054
    2.297297297    5.683138423    5.683138614    5.683136201
    2.302302302    5.678008341    5.678008531    5.678006121
    2.307307307    5.672879065    5.672879254    5.672876848
    2.312312312    5.667750626    5.667750816    5.667748412
    2.317317317    5.662623057    5.662623246    5.662620846
    2.322322322    5.657496389    5.657496578    5.657494182
    2.327327327    5.652370654    5.652370842    5.652368449
    2.332332332    5.647245882    5.647246071    5.647243681
    2.337337337    5.642122106    5.642122294    5.642119907
    2.342342342    5.636999355    5.636999543    5.636997160
    2.347347347    5.631877661    5.631877849    5.631875469
    2.352352352    5.626757055    5.626757242    5.626754865
    2.357357357    5.621637566    5.621637753    5.621635380
    2.362362362    5.616519226    5.616519413    5.616517042
    2.367367367    5.611402064    5.611402251    5.611399883
    2.372372372    5.606286110    5.606286297    5.606283933
    2.377377377    5.601171395    5.601171582    5.601169221
    2.382382382    5.596057948    5.596058135    5.596055777
    2.387387387    5.590945799    5.590945985    5.590943631
    2.392392392    5.585834977    5.585835163    5.585832812
    2.397397397    5.580725511    5.580725697    5.580723349
    2.402402402    5.575617431    5.575617617    5.575615272
    2.407407407    5.570510766    5.570510951    5.570508610
    2.412412412    5.565405544    5.565405729    5.565403391
    2.417417417    5.560301794    5.560301978    5.560299644
    2.422422422    5.555199544    5.555199729    5.555197397
    2.427427427    5.550098824    5.550099008    5.550096680
    2.432432432    5.544999660    5.544999844    5.544997519
    2.437437437    5.539902082    5.539902266    5.539899944
    2.442442442    5.534806117    5.534806301    5.534803982
    2.447447447    5.529711793    5.529711977    5.529709661
    2.452452452    5.524619138    5.524619321    5.524617009
    2.457457457    5.519528179    5.519528362    5.519526053
    2.462462462    5.514438943    5.514439126    5.514436820
    2.467467467    5.509351457    5.509351640    5.509349337
    2.472472472    5.504265750    5.504265932    5.504263633
    2.477477477    5.499181846    5.499182029    5.499179732
    2.482482482    5.494099774    5.494099956    5.494097663
    2.487487487    5.489019560    5.489019742    5.489017452
    2.492492492    5.483941230    5.483941412    5.483939125
    2.497497497    5.478864811    5.478864992    5.478862709
    2.502502503    5.473790328    5.473790510    5.473788229
    2.507507508    5.468717809    5.468717989    5.468715712
    2.512512513    5.463647277    5.463647458    5.463645184
    2.517517518    5.458578760    5.458578941    5.458576670
    2.522522523    5.453512283    5.453512463    5.453510196
    2.527527528    5.448447871    5.448448051    5.448445787
    2.532532533    5.443385550    5.443385730    5.443383468
    2.537537538    5.438325344    5.438325524    5.438323266
    2.542542543    5.433267279    5.433267459    5.433265204
    2.547547548    5.428211380    5.428211559    5.428209307
    2.552552553    5.423157671    5.423157850    5.423155601
    2.557557558    5.418106176    5.418106355    5.418104109
    2.562562563    5.413056921    5.413057100    5.413054857
    2.567567568    5.408009929    5.408010108    5.408007868
    2.572572573    5.402965225    5.402965403    5.402963167
    2.577577578    5.397922833    5.397923011    5.397920777
    2.582582583    5.392882776    5.392882953    5.392880723
    2.587587588    5.387845078    5.387845255    5.387843028
    2.592592593    5.382809763    5.382809940    5.382807716
    2.597597598    5.377776854    5.377777031    5.377774810
    2.602602603    5.372746374    5.372746551    5.372744333
    2.607607608    5.367718347    5.367718523    5.367716309
    2.612612613    5.362692796    5.362692972    5.362690761
    2.617617618    5.357669743    5.357669919    5.357667710
    2.622622623    5.352649211    5.352649387    5.352647182
    2.627627628    5.347631223    5.347631398    5.347629196
    2.632632633    5.342615801    5.342615976    5.342613777
    2.637637638    5.337602968    5.337603143    5.337600947
    2.642642643    5.332592745    5.332592920    5.332590727
    2.647647648    5.327585155    5.327585330    5.327583140
    2.652652653    5.322580220    5.322580395    5.322578208
    2.657657658    5.317577961    5.317578136    5.317575952
    2.662662663    5.312578401    5.312578575    5.312576395
    2.667667668    5.307581560    5.307581734    5.307579556
    2.672672673    5.302587459    5.302587633    5.302585459
    2.677677678    5.297596121    5.297596295    5.297594124
    2.682682683    5.292607567    5.292607740    5.292605572
    2.687687688    5.287621816    5.287621989    5.287619824
    2.692692693    5.282638890    5.282639063    5.282636901
    2.697697698    5.277658810    5.277658983    5.277656824
    2.702702703    5.272681597    5.272681769    5.272679613
    2.707707708    5.267707270    5.267707442    5.267705289
    2.712712713    5.262735850    5.262736022    5.262733872
    2.717717718    5.257767357    5.257767528    5.257765382
    2.722722723    5.252801811    5.252801982    5.252799839
    2.727727728    5.247839232    5.247839404    5.247837263
    2.732732733    5.242879640    5.242879811    5.242877674
    2.737737738    5.237923055    5.237923226    5.237921091
    2.742742743    5.232969495    5.232969666    5.232967535
    2.747747748    5.228018981    5.228019152    5.228017023
    2.752752753    5.223071532    5.223071702    5.223069576
    2.757757758    5.218127166    5.218127336    5.218125213
    2.762762763    5.213185903    5.213186073    5.213183953
    2.767767768    5.208247761    5.208247931    5.208245814
    2.772772773    5.203312760    5.203312929    5.203310816
    2.777777778    5.198380917    5.198381087    5.198378976
    2.782782783    5.193452252    5.193452421    5.193450314
    2.787787788    5.188526783    5.188526952    5.188524847
    2.792792793    5.183604528    5.183604696    5.183602595
    2.797797798    5.178685504    5.178685673    5.178683574
    2.802802803    5.173769731    5.173769899    5.173767804
    2.807807808    5.168857226    5.168857394    5.168855301
    2.812812813    5.163948006    5.163948174    5.163946084
    2.817817818    5.159042089    5.159042257    5.159040170
    2.822822823    5.154139493    5.154139661    5.154137577
    2.827827828    5.149240236    5.149240403    5.149238322
    2.832832833    5.144344333    5.144344500    5.144342422
    2.837837838    5.139451803    5.139451970    5.139449895
    2.842842843    5.134562662    5.134562829    5.134560757
    2.847847848    5.129676928    5.129677094    5.129675025
    2.852852853    5.124794616    5.124794782    5.124792716
    2.857857858    5.119915744    5.119915910    5.119913847
    2.862862863    5.115040328    5.115040494    5.115038434
    2.867867868    5.110168385    5.110168550    5.110166493
    2.872872873    5.105299930    5.105300096    5.105298042
    2.877877878    5.100434981    5.100435146    5.100433095
    2.882882883    5.095573552    5.095573717    5.095571669
    2.887887888    5.090715660    5.090715825    5.090713780
    2.892892893    5.085861321    5.085861485    5.085859443
    2.897897898    5.081010550    5.081010714    5.081008675
    2.902902903    5.076163363    5.076163527    5.076161490
    2.907907908    5.071319775    5.071319939    5.071317905
    2.912912913    5.066479802    5.066479966    5.066477935
    2.917917918    5.061643459    5.061643622    5.061641594
    2.922922923    5.056810760    5.056810923    5.056808899
    2.927927928    5.051981722    5.051981885    5.051979863
    2.932932933    5.047156358    5.047156521    5.047154502
    2.937937938    5.042334684    5.042334846    5.042332830
    2.942942943    5.037516713    5.037516876    5.037514862
    2.947947948    5.032702462    5.032702624    5.032700613
    2.952952953    5.027891943    5.027892105    5.027890098
    2.957957958    5.023085172    5.023085334    5.023083329
    2.962962963    5.018282162    5.018282324    5.018280322
    2.967967968    5.013482928    5.013483089    5.013481091
    2.972972973    5.008687484    5.008687645    5.008685649
    2.977977978    5.003895842    5.003896003    5.003894010
    2.982982983    4.999108018    4.999108179    4.999106189
    2.987987988    4.994324025    4.994324185    4.994322198
    2.992992993    4.989543876    4.989544036    4.989542051
    2.997997998    4.984767584    4.984767744    4.984765762
    3.003003003    4.979995164    4.979995324    4.979993345
    3.008008008    4.975226627    4.975226787    4.975224811
    3.013013013    4.970461988    4.970462148    4.970460174
    3.018018018    4.965701259    4.965701418    4.965699448
    3.023023023    4.960944453    4.960944612    4.960942644
    3.028028028    4.956191583    4.956191742    4.956189777
    3.033033033    4.951442661    4.951442820    4.951440858
    3.038038038    4.946697700    4.946697859    4.946695900
    3.043043043    4.941956713    4.941956871    4.941954915
    3.048048048    4.937219712    4.937219870    4.937217916
    3.053053053    4.932486708    4.932486866    4.932484915
    3.058058058    4.927757715    4.927757872    4.927755924
    3.063063063    4.923032743    4.923032901    4.923030956
    3.068068068    4.918311806    4.918311963    4.918310021
    3.073073073    4.913594915    4.913595072    4.913593132
    3.078078078    4.908882081    4.908882238    4.908880301
    3.083083083    4.904173316    4.904173473    4.904171539
    3.088088088    4.899468632    4.899468789    4.899466857
    3.093093093    4.894768040    4.894768196    4.894766268
    3.098098098    4.890071552    4.890071708    4.890069782
    3.103103103    4.885379178    4.885379334    4.885377411
    3.108108108    4.880690930    4.880691085    4.880689165
    3.113113113    4.876006818    4.876006974    4.876005056
    3.118118118    4.871326854    4.871327009    4.871325095
    3.123123123    4.866651049    4.866651204    4.866649292
    3.128128128    4.861979412    4.861979567    4.861977658
    3.133133133    4.857311955    4.857312110    4.857310204
    3.138138138    4.852648689    4.852648843    4.852646940
    3.143143143    4.847989623    4.847989777    4.847987876
    3.148148148    4.843334768    4.843334922    4.843333024
    3.153153153    4.838684134    4.838684288    4.838682393
    3.158158158    4.834037732    4.834037885    4.834035993
    3.163163163    4.829395570    4.829395724    4.829393834
    3.168168168    4.824757660    4.824757814    4.824755926
    3.173173173    4.820124011    4.820124164    4.820122280
    3.178178178    4.815494633    4.815494786    4.815492904
    3.183183183    4.810869535    4.810869688    4.810867809
    3.188188188    4.806248728    4.806248880    4.806247004
    3.193193193    4.801632219    4.801632372    4.801630498
    3.198198198    4.797020020    4.797020172    4.797018301
    3.203203203    4.792412138    4.792412290    4.792410422
    3.208208208    4.787808584    4.787808736    4.787806870
    3.213213213    4.783209367    4.783209518    4.783207655
    3.218218218    4.778614494    4.778614646    4.778612785
    3.223223223    4.774023976    4.774024127    4.774022270
    3.228228228    4.769437821    4.769437972    4.769436117
    3.233233233    4.764856038    4.764856188    4.764854336
    3.238238238    4.760278635    4.760278785    4.760276936
    3.243243243    4.755705621    4.755705771    4.755703924
    3.248248248    4.751137004    4.751137155    4.751135310
    3.253253253    4.746572794    4.746572944    4.746571102
    3.258258258    4.742012997    4.742013147    4.742011308
    3.263263263    4.737457623    4.737457773    4.737455936
    3.268268268    4.732906679    4.732906828    4.732904995
    3.273273273    4.728360173    4.728360323    4.728358492
    3.278278278    4.723818114    4.723818263    4.723816435
    3.283283283    4.719280509    4.719280658    4.719278832
    3.288288288    4.714747366    4.714747515    4.714745692
    3.293293293    4.710218693    4.710218841    4.710217021
    3.298298298    4.705694496    4.705694645    4.705692827
    3.303303303    4.701174785    4.701174933    4.701173118
    3.308308308    4.696659565    4.696659713    4.696657901
    3.313313313    4.692148845    4.692148993    4.692147183
    3.318318318    4.687642632    4.687642779    4.687640972
    3.323323323    4.683140932    4.683141080    4.683139275
    3.328328328    4.678643754    4.678643901    4.678642099
    3.333333333    4.674151103    4.674151250    4.674149451
    3.338338338    4.669662988    4.669663135    4.669661338
    3.343343343    4.665179414    4.665179560    4.665177766
    3.348348348    4.660700388    4.660700535    4.660698743
    3.353353353    4.656225918    4.656226064    4.656224275
    3.358358358    4.651756010    4.651756156    4.651754369
    3.363363363    4.647290669    4.647290815    4.647289031
    3.368368368    4.642829904    4.642830050    4.642828268
    3.373373373    4.638373719    4.638373865    4.638372086
    3.378378378    4.633922122    4.633922268    4.633920491
    3.383383383    4.629475119    4.629475264    4.629473490
    3.388388388    4.625032715    4.625032860    4.625031089
    3.393393393    4.620594917    4.620595062    4.620593293
    3.398398398    4.616161731    4.616161875    4.616160109
    3.403403403    4.611733162    4.611733306    4.611731543
    3.408408408    4.607309216    4.607309361    4.607307600
    3.413413413    4.602889900    4.602890044    4.602888286
    3.418418418    4.598475219    4.598475363    4.598473607
    3.423423423    4.594065178    4.594065321    4.594063568
    3.428428428    4.589659783    4.589659926    4.589658175
    3.433433433    4.585259039    4.585259182    4.585257434
    3.438438438    4.580862952    4.580863095    4.580861349
    3.443443443    4.576471527    4.576471670    4.576469926
    3.448448448    4.572084769    4.572084912    4.572083171
    3.453453453    4.567702684    4.567702826    4.567701088
    3.458458458    4.563325276    4.563325418    4.563323682
    3.463463463    4.558952550    4.558952692    4.558950959
    3.468468468    4.554584512    4.554584654    4.554582923
    3.473473473    4.550221166    4.550221308    4.550219579
    3.478478478    4.545862517    4.545862659    4.545860933
    3.483483483    4.541508570    4.541508711    4.541506988
    3.488488488    4.537159329    4.537159470    4.537157749
    3.493493493    4.532814799    4.532814940    4.532813221
    3.498498498    4.528474984    4.528475125    4.528473409
    3.503503504    4.524139889    4.524140030    4.524138316
    3.508508509    4.519809519    4.519809659    4.519807948
    3.513513514    4.515483877    4.515484017    4.515482308
    3.518518519    4.511162967    4.511163108    4.511161401
    3.523523524    4.506846795    4.506846935    4.506845231
    3.528528529    4.502535363    4.502535503    4.502533802
    3.533533534    4.498228677    4.498228817    4.498227118
    3.538538539    4.493926739    4.493926879    4.493925183
    3.543543544    4.489629555    4.489629694    4.489628000
    3.548548549    4.485337127    4.485337266    4.485335574
    3.553553554    4.481049459    4.481049598    4.481047909
    3.558558559    4.476766555    4.476766694    4.476765008
    3.563563564    4.472488420    4.472488558    4.472486874
    3.568568569    4.468215055    4.468215193    4.468213512
    3.573573574    4.463946465    4.463946604    4.463944924
    3.578578579    4.459682654    4.459682792    4.459681115
    3.583583584    4.455423624    4.455423761    4.455422087
    3.588588589    4.451169378    4.451169516    4.451167844
    3.593593594    4.446919921    4.446920059    4.446918389
    3.598598599    4.442675255    4.442675393    4.442673725
    3.603603604    4.438435384    4.438435521    4.438433856
    3.608608609    4.434200310    4.434200447    4.434198785
    3.613613614    4.429970037    4.429970173    4.429968513
    3.618618619    4.425744566    4.425744703    4.425743045
    3.623623624    4.421523902    4.421524039    4.421522383
    3.628628629    4.417308047    4.417308184    4.417306531
    3.633633634    4.413097004    4.413097140    4.413095490
    3.638638639    4.408890775    4.408890911    4.408889263
    3.643643644    4.404689364    4.404689500    4.404687854
    3.648648649    4.400492772    4.400492907    4.400491264
    3.653653654    4.396301002    4.396301137    4.396299496
    3.658658659    4.392114056    4.392114192    4.392112553
    3.663663664    4.387931938    4.387932073    4.387930437
    3.668668669    4.383754649    4.383754784    4.383753150
    3.673673674    4.379582192    4.379582326    4.379580694
    3.678678679    4.375414568    4.375414702    4.375413073
    3.683683684    4.371251780    4.371251915    4.371250287
    3.688688689    4.367093830    4.367093965    4.367092340
    3.693693694    4.362940721    4.362940855    4.362939232
    3.698698699    4.358792453    4.358792587    4.358790967
    3.703703704    4.354649030    4.354649163    4.354647545
    3.708708709    4.350510452    4.350510585    4.350508970
    3.713713714    4.346376722    4.346376855    4.346375242
    3.718718719    4.342247841    4.342247975    4.342246364
    3.723723724    4.338123812    4.338123945    4.338122336
    3.728728729    4.334004635    4.334004768    4.334003162
    3.733733734    4.329890313    4.329890446    4.329888842
    3.738738739    4.325780847    4.325780979    4.325779378
    3.743743744    4.321676238    4.321676370    4.321674771
    3.748748749    4.317576488    4.317576620    4.317575023
    3.753753754    4.313481599    4.313481731    4.313480136
    3.758758759    4.309391571    4.309391702    4.309390110
    3.763763764    4.305306405    4.305306537    4.305304947
    3.768768769    4.301226104    4.301226236    4.301224648
    3.773773774    4.297150669    4.297150800    4.297149214
    3.778778779    4.293080099    4.293080231    4.293078647
    3.783783784    4.289014398    4.289014529    4.289012947
    3.788788789    4.284953564    4.284953695    4.284952116
    3.793793794    4.280897600    4.280897731    4.280896154
    3.798798799    4.276846507    4.276846638    4.276845063
    3.803803804    4.272800285    4.272800415    4.272798843
    3.808808809    4.268758935    4.268759065    4.268757495
    3.813813814    4.264722458    4.264722588    4.264721020
    3.818818819    4.260690854    4.260690984    4.260689419
    3.823823824    4.256664125    4.256664255    4.256662692
    3.828828829    4.252642271    4.252642401    4.252640840
    3.833833834    4.248625292    4.248625422    4.248623863
    3.838838839    4.244613189    4.244613319    4.244611762
    3.843843844    4.240605963    4.240606092    4.240604538
    3.848848849    4.236603614    4.236603743    4.236602191
    3.853853854    4.232606142    4.232606271    4.232604721
    3.858858859    4.228613548    4.228613676    4.228612129
    3.863863864    4.224625831    4.224625960    4.224624414
    3.868868869    4.220642993    4.220643122    4.220641578
    3.873873874    4.216665034    4.216665162    4.216663621
    3.878878879    4.212691953    4.212692081    4.212690542
    3.883883884    4.208723751    4.208723878    4.208722342
    3.888888889    4.204760427    4.204760555    4.204759020
    3.893893894    4.200801982    4.200802110    4.200800577
    3.898898899    4.196848416    4.196848544    4.196847013
    3.903903904    4.192899729    4.192899856    4.192898328
    3.908908909    4.188955921    4.188956048    4.188954522
    3.913913914    4.185016990    4.185017117    4.185015594
    3.918918919    4.181082939    4.181083065    4.181081544
    3.923923924    4.177153765    4.177153891    4.177152372
    3.928928929    4.173229469    4.173229595    4.173228078
    3.933933934    4.169310050    4.169310176    4.169308661
    3.938938939    4.165395508    4.165395634    4.165394122
    3.943943944    4.161485843    4.161485969    4.161484459
    3.948948949    4.157581055    4.157581180    4.157579672
    3.953953954    4.153681142    4.153681267    4.153679761
    3.958958959    4.149786104    4.149786229    4.149784725
    3.963963964    4.145895940    4.145896066    4.145894564
    3.968968969    4.142010651    4.142010776    4.142009276
    3.973973974    4.138130235    4.138130360    4.138128862
    3.978978979    4.134254692    4.134254817    4.134253321
    3.983983984    4.130384021    4.130384145    4.130382651
    3.988988989    4.126518220    4.126518345    4.126516853
    3.993993994    4.122657290    4.122657415    4.122655925
    3.998998999    4.118801230    4.118801354    4.118799867
    4.004004004    4.114950038    4.114950162    4.114948677
    4.009009009    4.111103714    4.111103837    4.111102354
    4.014014014    4.107262256    4.107262380    4.107260899
    4.019019019    4.103425664    4.103425788    4.103424309
    4.024024024    4.099593937    4.099594060    4.099592583
    4.029029029    4.095767073    4.095767196    4.095765721
    4.034034034    4.091945072    4.091945195    4.091943722
    4.039039039    4.088127932    4.088128054    4.088126584
    4.044044044    4.084315652    4.084315774    4.084314306
    4.049049049    4.080508230    4.080508353    4.080506887
    4.054054054    4.076705667    4.076705789    4.076704325
    4.059059059    4.072907959    4.072908082    4.072906619
    4.064064064    4.069115107    4.069115229    4.069113769
    4.069069069    4.065327108    4.065327230    4.065325772
    4.074074074    4.061543961    4.061544083    4.061542627
    4.079079079    4.057765665    4.057765787    4.057764333
    4.084084084    4.053992219    4.053992340    4.053990888
    4.089089089    4.050223620    4.050223741    4.050222291
    4.094094094    4.046459867    4.046459988    4.046458540
    4.099099099    4.042700958    4.042701079    4.042699634
    4.104104104    4.038946893    4.038947014    4.038945570
    4.109109109    4.035197669    4.035197790    4.035196348
    4.114114114    4.031453284    4.031453405    4.031451965
    4.119119119    4.027713738    4.027713858    4.027712421
    4.124124124    4.023979027    4.023979148    4.023977712
    4.129129129    4.020249151    4.020249271    4.020247838
    4.134134134    4.016524108    4.016524228    4.016522796
    4.139139139    4.012803895    4.012804015    4.012802585
    4.144144144    4.009088511    4.009088631    4.009087203
    4.149149149    4.005377954    4.005378073    4.005376648
    4.154154154    4.001672222    4.001672341    4.001670918
    4.159159159    3.997971313    3.997971432    3.997970010
    4.164164164    3.994275225    3.994275344    3.994273924
    4.169169169    3.990583955    3.990584074    3.990582657
    4.174174174    3.986897503    3.986897622    3.986896206
    4.179179179    3.983215865    3.983215984    3.983214570
    4.184184184    3.979539040    3.979539159    3.979537747
    4.189189189    3.975867026    3.975867144    3.975865735
    4.194194194    3.972199820    3.972199938    3.972198530
    4.199199199    3.968537420    3.968537538    3.968536132
    4.204204204    3.964879823    3.964879941    3.964878537
    4.209209209    3.961227028    3.961227146    3.961225744
    4.214214214    3.957579033    3.957579150    3.957577751
    4.219219219    3.953935834    3.953935952    3.953934554
    4.224224224    3.950297430    3.950297547    3.950296152
    4.229229229    3.946663818    3.946663935    3.946662541
    4.234234234    3.943034996    3.943035113    3.943033721
    4.239239239    3.939410961    3.939411077    3.939409688
    4.244244244    3.935791710    3.935791827    3.935790439
    4.249249249    3.932177242    3.932177359    3.932175973
    4.254254254    3.928567554    3.928567670    3.928566286
    4.259259259    3.924962643    3.924962759    3.924961377
    4.264264264    3.921362506    3.921362622    3.921361242
    4.269269269    3.917767142    3.917767258    3.917765879
    4.274274274    3.914176547    3.914176662    3.914175286
    4.279279279    3.910590718    3.910590834    3.910589459
    4.284284284    3.907009653    3.907009769    3.907008396
    4.289289289    3.903433350    3.903433465    3.903432095
    4.294294294    3.899861805    3.899861920    3.899860552
    4.299299299    3.896295016    3.896295131    3.896293764
    4.304304304    3.892732980    3.892733095    3.892731730
    4.309309309    3.889175694    3.889175808    3.889174445
    4.314314314    3.885623155    3.885623269    3.885621908
    4.319319319    3.882075360    3.882075475    3.882074116
    4.324324324    3.878532307    3.878532422    3.878531064
    4.329329329    3.874993993    3.874994107    3.874992752
    4.334334334    3.871460414    3.871460528    3.871459175
    4.339339339    3.867931568    3.867931682    3.867930330
    4.344344344    3.864407452    3.864407565    3.864406216
    4.349349349    3.860888062    3.860888175    3.860886828
    4.354354354    3.857373395    3.857373509    3.857372163
    4.359359359    3.853863450    3.853863563    3.853862219
    4.364364364    3.850358222    3.850358335    3.850356993
    4.369369369    3.846857708    3.846857821    3.846856480
    4.374374374    3.843361905    3.843362018    3.843360679
    4.379379379    3.839870810    3.839870923    3.839869586
    4.384384384    3.836384420    3.836384533    3.836383198
    4.389389389    3.832902732    3.832902845    3.832901512
    4.394394394    3.829425743    3.829425855    3.829424524
    4.399399399    3.825953448    3.825953560    3.825952231
    4.404404404    3.822485846    3.822485958    3.822484630
    4.409409409    3.819022932    3.819023044    3.819021718
    4.414414414    3.815564703    3.815564815    3.815563491
    4.419419419    3.812111157    3.812111268    3.812109946
    4.424424424    3.808662289    3.808662400    3.808661080
    4.429429429    3.805218096    3.805218207    3.805216889
    4.434434434    3.801778575    3.801778686    3.801777370
    4.439439439    3.798343723    3.798343834    3.798342520
    4.444444444    3.794913536    3.794913647    3.794912334
    4.449449449    3.791488010    3.791488121    3.791486810
    4.454454454    3.788067143    3.788067253    3.788065944
    4.459459459    3.784650930    3.784651040    3.784649733
    4.464464464    3.781239368    3.781239478    3.781238173
    4.469469469    3.777832454    3.777832564    3.777831260
    4.474474474    3.774430183    3.774430293    3.774428992
    4.479479479    3.771032554    3.771032664    3.771031364
    4.484484484    3.767639561    3.767639670    3.767638372
    4.489489489    3.764251201    3.764251311    3.764250014
    4.494494494    3.760867471    3.760867580    3.760866286
    4.499499499    3.757488367    3.757488476    3.757487183
    4.504504505    3.754113885    3.754113994    3.754112703
    4.509509510    3.750744022    3.750744131    3.750742842
    4.514514515    3.747378774    3.747378883    3.747377595
    4.519519520    3.744018137    3.744018245    3.744016960
    4.524524525    3.740662107    3.740662216    3.740660932
    4.529529530    3.737310681    3.737310790    3.737309508
    4.534534535    3.733963855    3.733963964    3.733962683
    4.539539540    3.730621625    3.730621734    3.730620455
    4.544544545    3.727283988    3.727284096    3.727282819
    4.549549550    3.723950939    3.723951047    3.723949772
    4.554554555    3.720622475    3.720622583    3.720621309
    4.559559560    3.717298591    3.717298699    3.717297427
    4.564564565    3.713979285    3.713979392    3.713978123
    4.569569570    3.710664551    3.710664659    3.710663391
    4.574574575    3.707354387    3.707354494    3.707353228
    4.579579580    3.704048788    3.704048895    3.704047631
    4.584584585    3.700747750    3.700747857    3.700746594
    4.589589590    3.697451270    3.697451377    3.697450116
    4.594594595    3.694159343    3.694159449    3.694158190
    4.599599600    3.690871965    3.690872072    3.690870814
    4.604604605    3.687589133    3.687589239    3.687587983
    4.609609610    3.684310842    3.684310948    3.684309694
    4.614614615    3.681037088    3.681037194    3.681035942
    4.619619620    3.677767868    3.677767974    3.677766723
    4.624624625    3.674503177    3.674503283    3.674502034
    4.629629630    3.671243011    3.671243117    3.671241869
    4.634634635    3.667987366    3.667987472    3.667986226
    4.639639640    3.664736238    3.664736344    3.664735100
    4.644644645    3.661489623    3.661489729    3.661488486
    4.649649650    3.658247517    3.658247622    3.658246382
    4.654654655    3.655009915    3.655010020    3.655008782
    4.659659660    3.651776814    3.651776919    3.651775682
    4.664664665    3.648548209    3.648548314    3.648547078
    4.669669670    3.645324096    3.645324200    3.645322967
    4.674674675    3.642104470    3.642104575    3.642103343
    4.679679680    3.638889329    3.638889434    3.638888203
    4.684684685    3.635678667    3.635678771    3.635677543
    4.689689690    3.632472480    3.632472584    3.632471357
    4.694694695    3.629270764    3.629270868    3.629269643
    4.699699700    3.626073514    3.626073619    3.626072395
    4.704704705    3.622880727    3.622880831    3.622879609
    4.709709710    3.619692399    3.619692502    3.619691282
    4.714714715    3.616508524    3.616508627    3.616507409
    4.719719720    3.613329098    3.613329201    3.613327984
    4.724724725    3.610154117    3.610154221    3.610153006
    4.729729730    3.606983578    3.606983681    3.606982467
    4.734734735    3.603817475    3.603817578    3.603816366
    4.739739740    3.600655803    3.600655907    3.600654696
    4.744744745    3.597498560    3.597498663    3.597497454
    4.749749750    3.594345740    3.594345843    3.594344636
    4.754754755    3.591197339    3.591197442    3.591196236
    4.759759760    3.588053352    3.588053455    3.588052251
    4.764764765    3.584913776    3.584913878    3.584912676
    4.769769770    3.581778605    3.581778708    3.581777507
    4.774774775    3.578647836    3.578647938    3.578646739
    4.779779780    3.575521463    3.575521565    3.575520368
    4.784784785    3.572399483    3.572399585    3.572398389
    4.789789790    3.569281890    3.569281992    3.569280798
    4.794794795    3.566168681    3.566168783    3.566167590
    4.799799800    3.563059851    3.563059952    3.563058762
    4.804804805    3.559955395    3.559955497    3.559954307
    4.809809810    3.556855309    3.556855410    3.556854223
    4.814814815    3.553759589    3.553759690    3.553758504
    4.819819820    3.550668229    3.550668330    3.550667145
    4.824824825    3.547581225    3.547581326    3.547580143
    4.829829830    3.544498573    3.544498674    3.544497493
    4.834834835    3.541420269    3.541420370    3.541419190
    4.839839840    3.538346307    3.538346407    3.538345229
    4.844844845    3.535276683    3.535276783    3.535275607
    4.849849850    3.532211392    3.532211493    3.532210318
    4.854854855    3.529150431    3.529150531    3.529149358
    4.859859860    3.526093793    3.526093893    3.526092721
    4.864864865    3.523041475    3.523041575    3.523040405
    4.869869870    3.519993472    3.519993572    3.519992403
    4.874874875    3.516949779    3.516949879    3.516948712
    4.879879880    3.513910393    3.513910492    3.513909327
    4.884884885    3.510875307    3.510875406    3.510874242
    4.889889890    3.507844517    3.507844617    3.507843454
    4.894894895    3.504818020    3.504818119    3.504816958
    4.899899900    3.501795809    3.501795908    3.501794749
    4.904904905    3.498777881    3.498777980    3.498776822
    4.909909910    3.495764230    3.495764329    3.495763173
    4.914914915    3.492754852    3.492754951    3.492753797
    4.919919920    3.489749743    3.489749842    3.489748689
    4.924924925    3.486748897    3.486748996    3.486747845
    4.929929930    3.483752310    3.483752409    3.483751259
    4.934934935    3.480759978    3.480760076    3.480758928
    4.939939940    3.477771894    3.477771992    3.477770846
    4.944944945    3.474788055    3.474788153    3.474787008
    4.949949950    3.471808457    3.471808554    3.471807411
    4.954954955    3.468833093    3.468833191    3.468832049
    4.959959960    3.465861959    3.465862057    3.465860917
    4.964964965    3.462895052    3.462895149    3.462894010
    4.969969970    3.459932365    3.459932462    3.459931325
    4.974974975    3.456973894    3.456973991    3.456972855
    4.979979980    3.454019634    3.454019731    3.454018597
    4.984984985    3.451069581    3.451069678    3.451068545
    4.989989990    3.448123729    3.448123826    3.448122695
    4.994994995    3.445182075    3.445182172    3.445181042
    5.000000000    3.442244612    3.442244709    3.442243581
