 &plot nbnd=  12, nks=   202 /
            0.000000  0.000000  0.000000
   -5.671    6.235    6.235    6.235    8.809    8.809    8.809    9.711   13.964   13.964
   14.248   17.512
           -0.022222  0.000000  0.000000
   -5.669    6.220    6.225    6.225    8.804    8.821    8.821    9.725   13.946   13.967
   14.257   17.516
           -0.044444  0.000000  0.000000
   -5.663    6.178    6.198    6.198    8.788    8.857    8.857    9.767   13.893   13.974
   14.286   17.527
           -0.066667  0.000000  0.000000
   -5.652    6.109    6.153    6.153    8.762    8.914    8.914    9.833   13.810   13.986
   14.333   17.546
           -0.088889  0.000000  0.000000
   -5.637    6.017    6.094    6.094    8.726    8.992    8.992    9.921   13.700   14.003
   14.399   17.572
           -0.111111  0.000000  0.000000
   -5.617    5.905    6.023    6.023    8.682    9.087    9.087   10.026   13.570   14.024
   14.481   17.606
           -0.133333  0.000000  0.000000
   -5.593    5.777    5.942    5.942    8.629    9.197    9.197   10.144   13.427   14.051
   14.580   17.647
           -0.155556  0.000000  0.000000
   -5.565    5.635    5.853    5.853    8.570    9.320    9.320   10.268   13.278   14.082
   14.695   17.696
           -0.177778  0.000000  0.000000
   -5.533    5.482    5.759    5.759    8.505    9.454    9.454   10.393   13.129   14.118
   14.823   17.752
           -0.200000  0.000000  0.000000
   -5.496    5.319    5.660    5.660    8.435    9.598    9.598   10.511   12.990   14.159
   14.965   17.816
           -0.222222  0.000000  0.000000
   -5.455    5.150    5.559    5.559    8.360    9.748    9.748   10.614   12.870   14.204
   15.119   17.886
           -0.244444  0.000000  0.000000
   -5.410    4.974    5.457    5.457    8.283    9.906    9.906   10.690   12.780   14.254
   15.284   17.964
           -0.266667  0.000000  0.000000
   -5.361    4.794    5.353    5.353    8.204   10.070   10.070   10.729   12.732   14.310
   15.460   18.049
           -0.288889  0.000000  0.000000
   -5.307    4.610    5.250    5.250    8.123   10.238   10.238   10.723   12.735   14.370
   15.644   18.141
           -0.311111  0.000000  0.000000
   -5.249    4.422    5.147    5.147    8.041   10.411   10.411   10.671   12.790   14.434
   15.838   18.240
           -0.333333  0.000000  0.000000
   -5.187    4.233    5.046    5.046    7.959   10.579   10.587   10.587   12.891   14.504
   16.038   18.345
           -0.355556  0.000000  0.000000
   -5.121    4.041    4.945    4.945    7.878   10.457   10.767   10.767   13.029   14.578
   16.246   18.456
           -0.377778  0.000000  0.000000
   -5.050    3.847    4.847    4.847    7.797   10.313   10.950   10.950   13.194   14.657
   16.460   18.572
           -0.400000  0.000000  0.000000
   -4.976    3.652    4.751    4.751    7.718   10.155   11.136   11.136   13.380   14.741
   16.679   18.694
           -0.422222  0.000000  0.000000
   -4.897    3.456    4.657    4.657    7.641    9.989   11.324   11.324   13.580   14.830
   16.902   18.820
           -0.444444  0.000000  0.000000
   -4.814    3.259    4.566    4.566    7.565    9.819   11.515   11.515   13.791   14.923
   17.129   18.949
           -0.466667  0.000000  0.000000
   -4.727    3.061    4.477    4.477    7.492    9.648   11.707   11.707   14.011   15.021
   17.360   19.079
           -0.488889  0.000000  0.000000
   -4.636    2.863    4.391    4.391    7.422    9.477   11.901   11.901   14.237   15.124
   17.592   19.210
           -0.511111  0.000000  0.000000
   -4.541    2.664    4.309    4.309    7.355    9.309   12.097   12.097   14.467   15.231
   17.825   19.338
           -0.533333  0.000000  0.000000
   -4.442    2.465    4.229    4.229    7.291    9.143   12.294   12.294   14.700   15.344
   18.058   19.460
           -0.555556  0.000000  0.000000
   -4.339    2.266    4.153    4.153    7.231    8.982   12.493   12.493   14.936   15.461
   18.289   19.572
           -0.577778  0.000000  0.000000
   -4.233    2.067    4.080    4.080    7.174    8.825   12.693   12.693   15.174   15.583
   18.518   19.666
           -0.600000  0.000000  0.000000
   -4.122    1.868    4.010    4.010    7.121    8.673   12.895   12.895   15.412   15.709
   18.741   19.738
           -0.622222  0.000000  0.000000
   -4.007    1.670    3.944    3.944    7.073    8.526   13.098   13.098   15.651   15.841
   18.958   19.777
           -0.644444  0.000000  0.000000
   -3.889    1.472    3.882    3.882    7.028    8.385   13.301   13.301   15.890   15.977
   19.165   19.779
           -0.666667  0.000000  0.000000
   -3.767    1.274    3.823    3.823    6.987    8.250   13.506   13.506   16.117   16.128
   19.359   19.739
           -0.688889  0.000000  0.000000
   -3.641    1.078    3.767    3.767    6.951    8.121   13.713   13.713   16.263   16.365
   19.539   19.658
           -0.711111  0.000000  0.000000
   -3.512    0.882    3.716    3.716    6.920    7.998   13.920   13.920   16.413   16.600
   19.541   19.541
           -0.733333  0.000000  0.000000
   -3.379    0.687    3.667    3.667    6.893    7.882   14.128   14.128   16.568   16.833
   19.394   19.394
           -0.755556  0.000000  0.000000
   -3.242    0.493    3.623    3.623    6.871    7.771   14.337   14.337   16.727   17.064
   19.225   19.225
           -0.777778  0.000000  0.000000
   -3.102    0.301    3.583    3.583    6.854    7.667   14.546   14.546   16.892   17.293
   19.039   19.039
           -0.800000  0.000000  0.000000
   -2.959    0.110    3.546    3.546    6.841    7.570   14.757   14.757   17.060   17.518
   18.841   18.841
           -0.822222  0.000000  0.000000
   -2.812   -0.080    3.513    3.513    6.834    7.478   14.967   14.967   17.234   17.740
   18.636   18.636
           -0.844444  0.000000  0.000000
   -2.662   -0.268    3.484    3.484    6.832    7.393   15.178   15.178   17.412   17.959
   18.425   18.425
           -0.866667  0.000000  0.000000
   -2.509   -0.454    3.459    3.459    6.835    7.314   15.387   15.387   17.595   18.172
   18.213   18.213
           -0.888889  0.000000  0.000000
   -2.353   -0.638    3.437    3.437    6.844    7.242   15.595   15.595   17.782   18.001
   18.001   18.381
           -0.911111  0.000000  0.000000
   -2.194   -0.821    3.420    3.420    6.858    7.175   15.799   15.799   17.793   17.793
   17.974   18.585
           -0.933333  0.000000  0.000000
   -2.031   -1.001    3.406    3.406    6.878    7.115   15.994   15.994   17.593   17.593
   18.171   18.782
           -0.955556  0.000000  0.000000
   -1.866   -1.179    3.396    3.396    6.903    7.061   16.171   16.171   17.412   17.412
   18.372   18.972
           -0.977778  0.000000  0.000000
   -1.698   -1.355    3.390    3.390    6.934    7.012   16.309   16.309   17.272   17.272
   18.577   19.002
           -1.000000  0.000000  0.000000
   -1.528   -1.528    3.388    3.388    6.970    6.970   16.365   16.365   17.216   17.216
   18.787   18.787
           -1.000000  0.016667  0.016667
   -1.529   -1.525    3.372    3.390    6.972    6.995   16.337   16.350   17.178   17.185
   18.817   18.818
           -1.000000  0.033333  0.033333
   -1.532   -1.517    3.323    3.396    6.979    7.067   16.257   16.308   17.072   17.098
   18.903   18.903
           -1.000000  0.050000  0.050000
   -1.537   -1.504    3.247    3.406    6.990    7.184   16.134   16.239   16.916   16.971
   19.028   19.034
           -1.000000  0.066667  0.066667
   -1.544   -1.486    3.148    3.420    7.006    7.339   15.980   16.149   16.726   16.816
   19.180   19.201
           -1.000000  0.083333  0.083333
   -1.554   -1.462    3.034    3.437    7.026    7.527   15.803   16.039   16.517   16.643
   19.349   19.393
           -1.000000  0.100000  0.100000
   -1.568   -1.433    2.909    3.458    7.051    7.742   15.611   15.914   16.296   16.460
   19.526   19.603
           -1.000000  0.116667  0.116667
   -1.585   -1.399    2.779    3.484    7.080    7.980   15.409   15.778   16.068   16.271
   19.710   19.826
           -1.000000  0.133333  0.133333
   -1.607   -1.360    2.648    3.512    7.113    8.237   15.201   15.632   15.837   16.078
   19.895   20.026
           -1.000000  0.150000  0.150000
   -1.633   -1.316    2.520    3.545    7.151    8.510   14.990   15.479   15.605   15.884
   20.082   20.170
           -1.000000  0.166667  0.166667
   -1.666   -1.266    2.397    3.581    7.193    8.797   14.776   15.321   15.374   15.690
   20.267   20.317
           -1.000000  0.183333  0.183333
   -1.705   -1.211    2.283    3.621    7.239    9.096   14.562   15.145   15.160   15.497
   20.451   20.465
           -1.000000  0.200000  0.200000
   -1.751   -1.151    2.178    3.665    7.290    9.404   14.349   14.918   14.996   15.306
   20.613   20.633
           -1.000000  0.216667  0.216667
   -1.805   -1.086    2.086    3.711    7.344    9.722   14.137   14.696   14.831   15.118
   20.757   20.812
           -1.000000  0.233333  0.233333
   -1.867   -1.015    2.006    3.762    7.402   10.047   13.926   14.477   14.666   14.932
   20.892   20.989
           -1.000000  0.250000  0.250000
   -1.937   -0.940    1.941    3.815    7.464   10.378   13.718   14.263   14.501   14.750
   21.008   21.163
           -0.750000  0.750000  0.000000
   -1.937   -0.940    1.941    3.815    7.464   10.378   13.718   14.263   14.501   14.750
   21.008   21.163
           -0.734375  0.734375  0.000000
   -2.010   -0.864    1.893    3.868    7.526   10.693   13.526   14.067   14.348   14.584
   21.078   21.323
           -0.718750  0.718750  0.000000
   -2.090   -0.784    1.857    3.924    7.591   11.011   13.336   13.878   14.195   14.421
   21.079   21.481
           -0.703125  0.703125  0.000000
   -2.177   -0.700    1.835    3.982    7.659   11.330   13.149   13.696   14.045   14.262
   20.997   21.638
           -0.687500  0.687500  0.000000
   -2.270   -0.611    1.825    4.043    7.730   11.645   12.965   13.527   13.896   14.107
   20.860   21.464
           -0.671875  0.671875  0.000000
   -2.369   -0.517    1.828    4.107    7.803   11.947   12.784   13.377   13.751   13.957
   20.698   21.282
           -0.656250  0.656250  0.000000
   -2.473   -0.419    1.842    4.172    7.879   12.216   12.607   13.269   13.608   13.812
   20.528   21.104
           -0.640625  0.640625  0.000000
   -2.581   -0.317    1.867    4.240    7.957   12.397   12.433   13.254   13.468   13.673
   20.354   20.930
           -0.625000  0.625000  0.000000
   -2.692   -0.210    1.902    4.309    8.038   12.263   12.433   13.332   13.391   13.538
   20.180   20.761
           -0.609375  0.609375  0.000000
   -2.806   -0.099    1.948    4.380    8.120   12.096   12.359   13.200   13.410   13.644
   20.009   20.598
           -0.593750  0.593750  0.000000
   -2.922    0.016    2.003    4.453    8.203   11.933   12.237   13.072   13.287   13.947
   19.840   20.442
           -0.578125  0.578125  0.000000
   -3.039    0.136    2.066    4.527    8.288   11.774   12.099   12.949   13.170   14.272
   19.675   20.293
           -0.562500  0.562500  0.000000
   -3.157    0.260    2.137    4.603    8.374   11.618   11.954   12.831   13.060   14.604
   19.513   20.154
           -0.546875  0.546875  0.000000
   -3.275    0.389    2.216    4.679    8.460   11.467   11.809   12.718   12.957   14.936
   19.354   20.026
           -0.531250  0.531250  0.000000
   -3.393    0.522    2.302    4.756    8.545   11.319   11.663   12.612   12.860   15.265
   19.199   19.911
           -0.515625  0.515625  0.000000
   -3.510    0.659    2.395    4.833    8.630   11.176   11.520   12.511   12.771   15.585
   19.045   19.813
           -0.500000  0.500000  0.000000
   -3.626    0.800    2.493    4.911    8.713   11.036   11.380   12.418   12.689   15.890
   18.891   19.460
           -0.484375  0.484375  0.000000
   -3.741    0.945    2.598    4.988    8.795   10.901   11.242   12.331   12.615   16.173
   18.726   19.110
           -0.468750  0.468750  0.000000
   -3.853    1.095    2.707    5.065    8.873   10.769   11.108   12.253   12.548   16.426
   18.518   18.813
           -0.453125  0.453125  0.000000
   -3.964    1.248    2.822    5.142    8.947   10.642   10.978   12.182   12.491   16.638
   18.226   18.608
           -0.437500  0.437500  0.000000
   -4.072    1.406    2.941    5.217    9.017   10.518   10.851   12.121   12.441   16.803
   17.889   18.458
           -0.421875  0.421875  0.000000
   -4.178    1.568    3.065    5.291    9.082   10.399   10.727   12.068   12.401   16.914
   17.542   18.330
           -0.406250  0.406250  0.000000
   -4.281    1.733    3.193    5.364    9.140   10.285   10.607   12.025   12.370   16.974
   17.194   18.213
           -0.390625  0.390625  0.000000
   -4.382    1.902    3.324    5.434    9.191   10.174   10.491   11.991   12.347   16.850
   16.986   18.105
           -0.375000  0.375000  0.000000
   -4.479    2.075    3.459    5.502    9.235   10.067   10.378   11.966   12.335   16.512
   16.960   18.004
           -0.359375  0.359375  0.000000
   -4.573    2.252    3.596    5.568    9.271    9.965   10.270   11.949   12.332   16.182
   16.903   17.910
           -0.343750  0.343750  0.000000
   -4.663    2.433    3.737    5.631    9.298    9.867   10.165   11.938   12.339   15.861
   16.822   17.822
           -0.328125  0.328125  0.000000
   -4.750    2.616    3.880    5.692    9.318    9.774   10.063   11.931   12.356   15.552
   16.721   17.742
           -0.312500  0.312500  0.000000
   -4.834    2.804    4.024    5.749    9.330    9.684    9.965   11.926   12.383   15.257
   16.605   17.668
           -0.296875  0.296875  0.000000
   -4.914    2.994    4.170    5.802    9.335    9.599    9.871   11.918   12.419   14.978
   16.477   17.602
           -0.281250  0.281250  0.000000
   -4.990    3.187    4.318    5.853    9.334    9.518    9.780   11.902   12.466   14.721
   16.338   17.543
           -0.265625  0.265625  0.000000
   -5.062    3.383    4.466    5.900    9.328    9.442    9.692   11.873   12.522   14.490
   16.191   17.491
           -0.250000  0.250000  0.000000
   -5.131    3.582    4.613    5.943    9.316    9.370    9.608   11.825   12.587   14.290
   16.038   17.447
           -0.234375  0.234375  0.000000
   -5.195    3.783    4.761    5.983    9.301    9.302    9.527   11.751   12.661   14.125
   15.879   17.411
           -0.218750  0.218750  0.000000
   -5.256    3.986    4.907    6.019    9.239    9.283    9.450   11.649   12.744   13.997
   15.718   17.383
           -0.203125  0.203125  0.000000
   -5.313    4.190    5.051    6.053    9.179    9.261    9.376   11.517   12.834   13.907
   15.557   17.362
           -0.187500  0.187500  0.000000
   -5.365    4.395    5.193    6.082    9.125    9.238    9.305   11.360   12.931   13.851
   15.397   17.350
           -0.171875  0.171875  0.000000
   -5.414    4.600    5.330    6.109    9.074    9.212    9.237   11.183   13.034   13.822
   15.240   17.345
           -0.156250  0.156250  0.000000
   -5.458    4.804    5.464    6.133    9.028    9.173    9.184   10.993   13.141   13.813
   15.088   17.347
           -0.140625  0.140625  0.000000
   -5.499    5.007    5.591    6.153    8.987    9.113    9.154   10.797   13.252   13.820
   14.944   17.356
           -0.125000  0.125000  0.000000
   -5.535    5.205    5.711    6.171    8.949    9.056    9.121   10.600   13.364   13.836
   14.810   17.371
           -0.109375  0.109375  0.000000
   -5.567    5.398    5.823    6.187    8.916    9.004    9.085   10.411   13.476   13.857
   14.686   17.390
           -0.093750  0.093750  0.000000
   -5.594    5.583    5.924    6.200    8.888    8.956    9.045   10.234   13.584   13.880
   14.575   17.413
           -0.078125  0.078125  0.000000
   -5.618    5.756    6.014    6.211    8.864    8.914    8.999   10.077   13.686   13.903
   14.478   17.437
           -0.062500  0.062500  0.000000
   -5.637    5.911    6.091    6.220    8.844    8.878    8.949    9.944   13.777   13.923
   14.397   17.460
           -0.046875  0.046875  0.000000
   -5.652    6.044    6.152    6.226    8.829    8.848    8.899    9.841   13.855   13.941
   14.332   17.481
           -0.031250  0.031250  0.000000
   -5.663    6.147    6.198    6.231    8.818    8.827    8.853    9.768   13.914   13.954
   14.286   17.498
           -0.015625  0.015625  0.000000
   -5.669    6.212    6.225    6.234    8.811    8.813    8.821    9.725   13.951   13.962
   14.257   17.509
            0.000000  0.000000  0.000000
   -5.671    6.235    6.235    6.235    8.809    8.809    8.809    9.711   13.964   13.964
   14.248   17.512
           -0.012821  0.012821  0.012821
   -5.669    6.209    6.231    6.231    8.814    8.814    8.816    9.725   13.956   13.956
   14.257   17.503
           -0.025641  0.025641  0.025641
   -5.663    6.135    6.220    6.220    8.831    8.831    8.835    9.769   13.934   13.934
   14.286   17.476
           -0.038462  0.038462  0.038462
   -5.652    6.018    6.202    6.202    8.857    8.857    8.858    9.845   13.897   13.897
   14.333   17.432
           -0.051282  0.051282  0.051282
   -5.637    5.868    6.177    6.177    8.875    8.894    8.894    9.953   13.849   13.849
   14.398   17.375
           -0.064103  0.064103  0.064103
   -5.617    5.690    6.147    6.147    8.882    8.939    8.939   10.092   13.792   13.792
   14.480   17.307
           -0.076923  0.076923  0.076923
   -5.594    5.494    6.111    6.111    8.877    8.991    8.991   10.256   13.729   13.729
   14.576   17.232
           -0.089744  0.089744  0.089744
   -5.566    5.282    6.071    6.071    8.860    9.050    9.050   10.441   13.663   13.663
   14.686   17.153
           -0.102564  0.102564  0.102564
   -5.534    5.061    6.028    6.028    8.835    9.113    9.113   10.640   13.595   13.595
   14.806   17.075
           -0.115385  0.115385  0.115385
   -5.497    4.832    5.983    5.983    8.803    9.181    9.181   10.851   13.530   13.530
   14.932   17.003
           -0.128205  0.128205  0.128205
   -5.457    4.597    5.935    5.935    8.765    9.250    9.250   11.069   13.469   13.469
   15.059   16.943
           -0.141026  0.141026  0.141026
   -5.412    4.359    5.886    5.886    8.723    9.320    9.320   11.292   13.414   13.414
   15.180   16.904
           -0.153846  0.153846  0.153846
   -5.363    4.119    5.836    5.836    8.678    9.388    9.388   11.518   13.367   13.367
   15.285   16.895
           -0.166667  0.166667  0.166667
   -5.310    3.879    5.786    5.786    8.631    9.455    9.455   11.746   13.331   13.331
   15.366   16.925
           -0.179487  0.179487  0.179487
   -5.253    3.638    5.736    5.736    8.582    9.518    9.518   11.974   13.306   13.306
   15.414   17.003
           -0.192308  0.192308  0.192308
   -5.192    3.397    5.687    5.687    8.533    9.576    9.576   12.202   13.295   13.295
   15.429   17.129
           -0.205128  0.205128  0.205128
   -5.127    3.158    5.638    5.638    8.484    9.628    9.628   12.429   13.299   13.299
   15.416   17.298
           -0.217949  0.217949  0.217949
   -5.059    2.921    5.591    5.591    8.435    9.672    9.672   12.653   13.318   13.318
   15.384   17.501
           -0.230769  0.230769  0.230769
   -4.986    2.686    5.544    5.544    8.387    9.710    9.710   12.875   13.354   13.354
   15.340   17.732
           -0.243590  0.243590  0.243590
   -4.910    2.453    5.499    5.499    8.340    9.739    9.739   13.091   13.408   13.408
   15.292   17.982
           -0.256410  0.256410  0.256410
   -4.831    2.224    5.456    5.456    8.294    9.760    9.760   13.300   13.478   13.478
   15.246   18.248
           -0.269231  0.269231  0.269231
   -4.748    1.998    5.415    5.415    8.249    9.773    9.773   13.499   13.566   13.566
   15.208   18.523
           -0.282051  0.282051  0.282051
   -4.663    1.776    5.375    5.375    8.206    9.779    9.779   13.669   13.669   13.682
   15.185   18.805
           -0.294872  0.294872  0.294872
   -4.574    1.558    5.338    5.338    8.166    9.780    9.780   13.789   13.789   13.844
   15.185   19.089
           -0.307692  0.307692  0.307692
   -4.483    1.345    5.302    5.302    8.127    9.774    9.774   13.923   13.923   13.975
   15.218   19.368
           -0.320513  0.320513  0.320513
   -4.389    1.136    5.269    5.269    8.090    9.764    9.764   14.070   14.070   14.070
   15.290   19.637
           -0.333333  0.333333  0.333333
   -4.293    0.934    5.237    5.237    8.055    9.751    9.751   14.127   14.231   14.231
   15.403   19.885
           -0.346154  0.346154  0.346154
   -4.196    0.737    5.208    5.208    8.023    9.736    9.736   14.152   14.403   14.403
   15.552   20.099
           -0.358974  0.358974  0.358974
   -4.098    0.548    5.182    5.182    7.993    9.718    9.718   14.155   14.586   14.586
   15.726   20.259
           -0.371795  0.371795  0.371795
   -4.000    0.365    5.157    5.157    7.966    9.700    9.700   14.145   14.779   14.779
   15.918   20.093
           -0.384615  0.384615  0.384615
   -3.903    0.192    5.135    5.135    7.941    9.682    9.682   14.126   14.980   14.980
   16.121   19.808
           -0.397436  0.397436  0.397436
   -3.807    0.028    5.115    5.115    7.918    9.664    9.664   14.104   15.190   15.190
   16.331   19.520
           -0.410256  0.410256  0.410256
   -3.715   -0.125    5.097    5.097    7.899    9.647    9.647   14.081   15.407   15.407
   16.543   19.231
           -0.423077  0.423077  0.423077
   -3.628   -0.265    5.082    5.082    7.881    9.631    9.631   14.058   15.630   15.630
   16.753   18.945
           -0.435897  0.435897  0.435897
   -3.547   -0.389    5.069    5.069    7.867    9.618    9.618   14.038   15.858   15.858
   16.959   18.664
           -0.448718  0.448718  0.448718
   -3.476   -0.497    5.058    5.058    7.855    9.606    9.606   14.020   16.088   16.088
   17.155   18.389
           -0.461538  0.461538  0.461538
   -3.417   -0.585    5.050    5.050    7.845    9.597    9.597   14.006   16.316   16.316
   17.332   18.126
           -0.474359  0.474359  0.474359
   -3.372   -0.650    5.044    5.044    7.839    9.590    9.590   13.996   16.534   16.534
   17.479   17.884
           -0.487179  0.487179  0.487179
   -3.344   -0.690    5.041    5.041    7.835    9.586    9.586   13.990   16.714   16.714
   17.580   17.688
           -0.500000  0.500000  0.500000
   -3.334   -0.704    5.040    5.040    7.833    9.584    9.584   13.987   16.794   16.794
   17.604   17.604
           -0.516129  0.500000  0.483871
   -3.332   -0.702    5.018    5.035    7.853    9.580    9.593   13.998   16.710   16.767
   17.609   17.619
           -0.532258  0.500000  0.467742
   -3.325   -0.699    4.955    5.022    7.911    9.569    9.620   14.029   16.519   16.696
   17.613   17.659
           -0.548387  0.500000  0.451613
   -3.314   -0.693    4.857    5.001    7.999    9.550    9.667   14.077   16.289   16.596
   17.621   17.711
           -0.564516  0.500000  0.435484
   -3.298   -0.684    4.731    4.971    8.109    9.526    9.734   14.140   16.046   16.480
   17.632   17.768
           -0.580645  0.500000  0.419355
   -3.277   -0.674    4.584    4.933    8.232    9.499    9.825   14.211   15.799   16.362
   17.646   17.825
           -0.596774  0.500000  0.403226
   -3.252   -0.661    4.422    4.886    8.360    9.469    9.941   14.282   15.552   16.252
   17.662   17.881
           -0.612903  0.500000  0.387097
   -3.223   -0.647    4.251    4.831    8.486    9.440   10.083   14.343   15.306   16.164
   17.682   17.937
           -0.629032  0.500000  0.370968
   -3.189   -0.631    4.074    4.768    8.606    9.412   10.252   14.382   15.063   16.108
   17.705   17.994
           -0.645161  0.500000  0.354839
   -3.151   -0.614    3.893    4.698    8.719    9.387   10.447   14.386   14.823   16.096
   17.730   18.054
           -0.661290  0.500000  0.338710
   -3.108   -0.596    3.713    4.620    8.825    9.368   10.665   14.350   14.587   16.132
   17.758   18.119
           -0.677419  0.500000  0.322581
   -3.061   -0.578    3.535    4.535    8.924    9.354   10.904   14.274   14.355   16.212
   17.789   18.191
           -0.693548  0.500000  0.306452
   -3.010   -0.560    3.360    4.443    9.018    9.346   11.160   14.127   14.167   16.327
   17.823   18.272
           -0.709677  0.500000  0.290323
   -2.954   -0.543    3.191    4.346    9.110    9.346   11.432   13.904   14.036   16.464
   17.859   18.366
           -0.725806  0.500000  0.274194
   -2.894   -0.528    3.029    4.243    9.200    9.353   11.716   13.684   13.889   16.611
   17.898   18.476
           -0.741935  0.500000  0.258065
   -2.830   -0.516    2.875    4.137    9.289    9.368   12.010   13.470   13.732   16.760
   17.940   18.605
           -0.758065  0.500000  0.241935
   -2.762   -0.509    2.731    4.026    9.379    9.391   12.313   13.260   13.568   16.901
   17.984   18.756
           -0.774194  0.500000  0.225806
   -2.690   -0.506    2.599    3.912    9.422    9.470   12.624   13.055   13.400   17.030
   18.030   18.931
           -0.790323  0.500000  0.209677
   -2.614   -0.510    2.480    3.796    9.461    9.562   12.855   12.941   13.231   17.142
   18.079   19.131
           -0.806452  0.500000  0.193548
   -2.534   -0.521    2.376    3.678    9.507    9.657   12.661   13.060   13.262   17.236
   18.131   19.354
           -0.822581  0.500000  0.177419
   -2.450   -0.542    2.287    3.559    9.561    9.754   12.472   12.890   13.587   17.311
   18.186   19.596
           -0.838710  0.500000  0.161290
   -2.364   -0.572    2.216    3.441    9.622    9.853   12.288   12.721   13.914   17.368
   18.244   19.853
           -0.854839  0.500000  0.145161
   -2.273   -0.613    2.162    3.322    9.690    9.955   12.110   12.555   14.242   17.407
   18.305   20.119
           -0.870968  0.500000  0.129032
   -2.180   -0.664    2.127    3.205    9.765   10.058   11.939   12.390   14.570   17.430
   18.371   20.380
           -0.887097  0.500000  0.112903
   -2.084   -0.726    2.109    3.089    9.846   10.163   11.776   12.229   14.895   17.435
   18.443   20.604
           -0.903226  0.500000  0.096774
   -1.985   -0.797    2.108    2.976    9.933   10.268   11.621   12.071   15.215   17.422
   18.522   20.693
           -0.919355  0.500000  0.080645
   -1.884   -0.877    2.123    2.866   10.025   10.370   11.477   11.918   15.528   17.389
   18.610   20.553
           -0.935484  0.500000  0.064516
   -1.781   -0.964    2.152    2.760   10.122   10.466   11.349   11.769   15.829   17.334
   18.710   20.301
           -0.951613  0.500000  0.048387
   -1.677   -1.058    2.195    2.659   10.222   10.544   11.248   11.626   16.114   17.253
   18.826   20.028
           -0.967742  0.500000  0.032258
   -1.571   -1.156    2.250    2.562   10.324   10.585   11.193   11.492   16.379   17.143
   18.961   19.765
           -0.983871  0.500000  0.016129
   -1.466   -1.257    2.315    2.472   10.422   10.572   11.201   11.370   16.618   17.001
   19.121   19.523
           -1.000000  0.500000  0.000000
   -1.361   -1.361    2.390    2.390   10.511   10.511   11.268   11.268   16.826   16.826
   19.308   19.308
           -1.000000  0.477273  0.000000
   -1.362   -1.362    2.394    2.394   10.425   10.425   11.357   11.357   16.826   16.826
   19.306   19.306
           -1.000000  0.454545  0.000000
   -1.365   -1.365    2.406    2.406   10.236   10.236   11.560   11.560   16.825   16.825
   19.301   19.301
           -1.000000  0.431818  0.000000
   -1.369   -1.369    2.426    2.426   10.012   10.012   11.807   11.807   16.825   16.825
   19.292   19.292
           -1.000000  0.409091  0.000000
   -1.375   -1.375    2.454    2.454    9.777    9.777   12.073   12.073   16.824   16.824
   19.280   19.280
           -1.000000  0.386364  0.000000
   -1.383   -1.383    2.489    2.489    9.541    9.541   12.349   12.349   16.823   16.823
   19.266   19.266
           -1.000000  0.363636  0.000000
   -1.392   -1.392    2.532    2.532    9.307    9.307   12.632   12.632   16.822   16.822
   19.250   19.250
           -1.000000  0.340909 -0.000000
   -1.402   -1.402    2.580    2.580    9.078    9.078   12.920   12.920   16.821   16.821
   19.231   19.231
           -1.000000  0.318182  0.000000
   -1.413   -1.413    2.635    2.635    8.854    8.854   13.212   13.212   16.820   16.820
   19.211   19.211
           -1.000000  0.295455  0.000000
   -1.425   -1.425    2.695    2.695    8.637    8.637   13.506   13.506   16.820   16.820
   19.191   19.191
           -1.000000  0.272727  0.000000
   -1.436   -1.436    2.758    2.758    8.427    8.427   13.802   13.802   16.821   16.821
   19.169   19.169
           -1.000000  0.250000  0.000000
   -1.448   -1.448    2.826    2.826    8.226    8.226   14.098   14.098   16.822   16.822
   19.148   19.148
           -1.000000  0.227273  0.000000
   -1.460   -1.460    2.896    2.896    8.035    8.035   14.394   14.394   16.825   16.825
   19.126   19.126
           -1.000000  0.204545  0.000000
   -1.471   -1.471    2.966    2.966    7.855    7.855   14.688   14.688   16.830   16.830
   19.104   19.104
           -1.000000  0.181818  0.000000
   -1.482   -1.482    3.037    3.037    7.686    7.686   14.977   14.977   16.838   16.838
   19.083   19.083
           -1.000000  0.159091  0.000000
   -1.492   -1.492    3.106    3.106    7.531    7.531   15.258   15.258   16.851   16.851
   19.061   19.061
           -1.000000  0.136364  0.000000
   -1.501   -1.501    3.171    3.171    7.392    7.392   15.527   15.527   16.871   16.871
   19.037   19.037
           -1.000000  0.113636  0.000000
   -1.509   -1.509    3.232    3.232    7.269    7.269   15.775   15.775   16.903   16.903
   19.011   19.011
           -1.000000  0.090909 -0.000000
   -1.516   -1.516    3.285    3.285    7.165    7.165   15.992   15.992   16.952   16.952
   18.978   18.978
           -1.000000  0.068182  0.000000
   -1.521   -1.521    3.328    3.328    7.081    7.081   16.163   16.163   17.023   17.023
   18.933   18.933
           -1.000000  0.045455  0.000000
   -1.525   -1.525    3.361    3.361    7.020    7.020   16.280   16.280   17.109   17.109
   18.874   18.874
           -1.000000  0.022727  0.000000
   -1.527   -1.527    3.382    3.382    6.983    6.983   16.345   16.345   17.185   17.185
   18.814   18.814
           -1.000000  0.000000  0.000000
   -1.528   -1.528    3.388    3.388    6.970    6.970   16.365   16.365   17.216   17.216
   18.787   18.787
